0,0,-0
1,0,-0
2,0,-0
3,0,-0
4,0,-0
5,0,-0
6,0,-0
7,0,-0
8,0,-0
9,0,-0
10,0,-0
11,0,-0
12,0,-0
13,0,-0
14,0,-0
15,0,-0
16,0,-0
17,0,-0
18,0,-0
19,0,-0
20,0,-0
21,0,-0
22,0,-0
23,0,-0
24,0,-0
25,0,-0
26,0,-0
27,0,-0
28,0,-0
29,0,-0
30,0,-0
31,0,-0
32,0,-0
33,0,-0
34,0,-0
35,0,-0
36,0,-0
37,0,-0
38,0,-0
39,0,-0
40,0,-0
41,0,-0
42,0,-0
43,0,-0
44,0,-0
45,0,-0
46,0,-0
47,0,-0
48,0,-0
49,0,-0
50,0,-0
51,0,-0
52,0,-0
53,0,-0
54,0,-0
55,0,-0
56,0,-0
57,0,-0
58,0,-0
59,0,-0
60,0,-0
61,0,-0
62,0,-0
63,0,-0
64,0,-0
65,0,-0
66,0,-0
67,0,-0
68,0,-0
69,0,-0
70,0,-0
71,0,-0
72,0,-0
73,0,-0
74,0,-0
75,0,-0
76,0,-0
77,0,-0
78,0,-0
79,0,-0
80,0,-0
81,0,-0
82,0,-0
83,0,-0
84,0,-0
85,0,-0
86,0,-0
87,0,-0
88,0,-0
89,0,-0
90,0,-0
91,0,-0
92,0,-0
93,0,-0
94,0,-0
95,0,-0
96,0,-0
97,0,-0
98,0,-0
99,0,-0
100,0,0
101,1.024,1.024
102,6.144,3.584
103,5.632,4.26667
104,6.144,4.736
105,4.096,4.608
106,3.584,4.43733
107,2.048,4.096
108,2.56,3.904
109,0.512,3.52711
110,1.024,3.2768
111,2.56,3.21164
112,3.584,3.24267
113,3.584,3.26892
114,3.072,3.25486
115,2.56,3.20853
116,5.12,3.328
117,4.608,3.40329
118,7.68,3.64089
119,5.12,3.71874
120,4.096,3.7376
121,4.608,3.77905
122,6.656,3.90982
123,6.144,4.00696
124,4.608,4.032
125,8.192,4.1984
126,5.12,4.23385
127,5.12,4.26667
128,5.12,4.29714
129,7.168,4.39614
130,6.656,4.47147
131,5.12,4.49239
132,4.608,4.496
133,6.144,4.54594
134,6.144,4.59294
135,6.144,4.63726
136,5.632,4.66489
137,8.192,4.76022
138,9.728,4.89095
139,9.728,5.01497
140,9.728,5.1328
141,7.168,5.18244
142,7.168,5.22971
143,8.704,5.31051
144,8.192,5.376
145,8.192,5.43858
146,7.168,5.47617
147,6.144,5.49038
148,6.144,5.504
149,4.608,5.48571
150,4.096,5.45792
151,4.096,5.43122
152,3.072,5.38585
153,4.608,5.37117
154,6.144,5.38548
155,5.632,5.38996
156,6.144,5.40343
157,4.608,5.38947
158,6.656,5.41131
159,6.144,5.42373
160,6.656,5.44427
161,5.12,5.43895
162,4.096,5.41729
163,5.632,5.4207
164,8.192,5.464
165,9.216,5.52172
166,8.704,5.56994
167,8.192,5.60907
168,9.216,5.66212
169,9.728,5.72104
170,8.192,5.75634
171,5.632,5.75459
172,4.096,5.73156
173,5.12,5.72318
174,7.68,5.74962
175,8.192,5.78219
176,5.632,5.78021
177,5.632,5.77829
178,5.12,5.76985
179,6.144,5.77458
180,8.192,5.8048
181,8.192,5.83427
182,9.216,5.87551
183,15.36,5.98978
184,13.824,6.08305
185,13.312,6.16809
186,11.264,6.22735
187,10.752,6.27936
188,13.824,6.36509
189,12.8,6.43739
190,12.288,6.5024
191,10.752,6.5491
192,12.288,6.61148
193,11.776,6.66701
194,12.288,6.72681
195,11.264,6.77457
196,12.288,6.832
197,11.776,6.88297
198,11.776,6.9329
199,7.68,6.94044