0,0,-0
1,0,-0
2,0,-0
3,0,-0
4,0,-0
5,0,-0
6,0,-0
7,0,-0
8,0,-0
9,0,-0
10,0,-0
11,0,-0
12,0,-0
13,0,-0
14,0,-0
15,0,-0
16,0,-0
17,0,-0
18,0,-0
19,0,-0
20,0,-0
21,0,-0
22,0,-0
23,0,-0
24,0,-0
25,0,-0
26,0,-0
27,0,-0
28,0,-0
29,0,-0
30,0,-0
31,0,-0
32,0,-0
33,0,-0
34,0,-0
35,0,-0
36,0,-0
37,0,-0
38,0,-0
39,0,-0
40,0,-0
41,0,-0
42,0,-0
43,0,-0
44,0,-0
45,0,-0
46,0,-0
47,0,-0
48,0,-0
49,0,-0
50,0,-0
51,0,-0
52,0,-0
53,0,-0
54,0,-0
55,0,-0
56,0,-0
57,0,-0
58,0,-0
59,0,-0
60,0,-0
61,0,-0
62,0,-0
63,0,-0
64,0,-0
65,0,-0
66,0,-0
67,0,-0
68,0,-0
69,0,-0
70,0,-0
71,0,-0
72,0,-0
73,0,-0
74,0,-0
75,0,-0
76,0,-0
77,0,-0
78,0,-0
79,0,-0
80,0,-0
81,0,-0
82,0,-0
83,0,-0
84,0,-0
85,0,-0
86,0,-0
87,0,-0
88,0,-0
89,0,-0
90,0,-0
91,0,-0
92,0,-0
93,0,-0
94,0,-0
95,0,-0
96,0,-0
97,0,-0
98,0,-0
99,0,-0
100,0,0
101,5.12,5.12
102,16.896,11.008
103,17.92,13.312
104,18.432,14.592
105,15.872,14.848
106,14.336,14.7627
107,15.872,14.9211
108,14.848,14.912
109,16.896,15.1324
110,18.432,15.4624
111,16.896,15.5927
112,16.384,15.6587
113,14.848,15.5963
114,15.36,15.5794
115,15.872,15.5989
116,15.36,15.584
117,12.288,15.3901
118,19.968,15.6444
119,18.432,15.7912
120,18.432,15.9232
121,17.92,16.0183
122,17.92,16.1047
123,17.92,16.1837
124,17.92,16.256
125,17.92,16.3226
126,17.92,16.384
127,16.384,16.384
128,16.384,16.384
129,13.312,16.2781
130,15.36,16.2475
131,18.432,16.3179
132,18.432,16.384
133,18.432,16.4461
134,18.432,16.5045
135,16.384,16.501
136,19.456,16.5831
137,14.336,16.5224
138,13.824,16.4514
139,14.336,16.3971
140,14.336,16.3456
141,14.336,16.2966
142,12.288,16.2011
143,10.752,16.0744
144,13.312,16.0116
145,14.336,15.9744
146,13.824,15.9277
147,11.264,15.8284
148,12.8,15.7653
149,14.336,15.7362
150,14.336,15.7082
151,15.872,15.7114
152,16.384,15.7243
153,14.336,15.6981
154,14.336,15.6729
155,13.824,15.6393
156,14.336,15.616
157,14.848,15.6025
158,18.432,15.6513
159,15.36,15.6464
160,16.896,15.6672
161,16.896,15.6873
162,15.872,15.6903
163,17.408,15.7176
164,18.432,15.76
165,17.408,15.7854
166,17.408,15.8099
167,13.312,15.7727
168,15.36,15.7666
169,16.384,15.7755
170,15.36,15.7696
171,15.872,15.771
172,17.92,15.8009
173,17.408,15.8229
174,17.92,15.8512
175,18.432,15.8857
176,17.408,15.9057
177,15.872,15.9052
178,15.872,15.9048
179,13.824,15.8785
180,13.824,15.8528
181,14.848,15.8404
182,13.312,15.8096
183,14.336,15.7918
184,12.8,15.7562
185,14.336,15.7395
186,14.336,15.7232
187,13.824,15.7013
188,12.8,15.6684
189,12.288,15.6304
190,10.24,15.5705
191,11.264,15.5232
192,11.264,15.4769
193,11.776,15.4371
194,12.288,15.4036
195,10.752,15.3546
196,11.776,15.3173
197,12.288,15.2861
198,14.336,15.2764
199,13.824,15.2617