0,0,-0
1,0,-0
2,0,-0
3,0,-0
4,0,-0
5,0,-0
6,0,-0
7,0,-0
8,0,-0
9,0,-0
10,0,-0
11,0,-0
12,0,-0
13,0,-0
14,0,-0
15,0,-0
16,0,-0
17,0,-0
18,0,-0
19,0,-0
20,0,-0
21,0,-0
22,0,-0
23,0,-0
24,0,-0
25,0,-0
26,0,-0
27,0,-0
28,0,-0
29,0,-0
30,0,-0
31,0,-0
32,0,-0
33,0,-0
34,0,-0
35,0,-0
36,0,-0
37,0,-0
38,0,-0
39,0,-0
40,0,-0
41,0,-0
42,0,-0
43,0,-0
44,0,-0
45,0,-0
46,0,-0
47,0,-0
48,0,-0
49,0,-0
50,0,-0
51,0,-0
52,0,-0
53,0,-0
54,0,-0
55,0,-0
56,0,-0
57,0,-0
58,0,-0
59,0,-0
60,0,-0
61,0,-0
62,0,-0
63,0,-0
64,0,-0
65,0,-0
66,0,-0
67,0,-0
68,0,-0
69,0,-0
70,0,-0
71,0,-0
72,0,-0
73,0,-0
74,0,-0
75,0,-0
76,0,-0
77,0,-0
78,0,-0
79,0,-0
80,0,-0
81,0,-0
82,0,-0
83,0,-0
84,0,-0
85,0,-0
86,0,-0
87,0,-0
88,0,-0
89,0,-0
90,0,-0
91,0,-0
92,0,-0
93,0,-0
94,0,-0
95,0,-0
96,0,-0
97,0,-0
98,0,-0
99,0,-0
100,0,0
101,2.56,2.56
102,6.144,4.352
103,7.168,5.29067
104,10.24,6.528
105,5.632,6.3488
106,5.12,6.144
107,4.608,5.92457
108,3.584,5.632
109,5.632,5.632
110,4.096,5.4784
111,7.68,5.67855
112,8.192,5.888
113,8.192,6.06523
114,8.192,6.21714
115,5.632,6.17813
116,3.072,5.984
117,2.048,5.75247
118,2.048,5.54667
119,2.048,5.36253
120,2.048,5.1968
121,1.536,5.02248
122,2.56,4.91055
123,3.072,4.83061
124,2.048,4.71467
125,2.56,4.62848
126,3.072,4.56862
127,4.096,4.55111
128,6.144,4.608
129,8.192,4.73159
130,8.192,4.84693
131,7.68,4.93832
132,7.168,5.008
133,6.144,5.04242
134,6.144,5.07482
135,7.168,5.13463
136,8.192,5.21956
137,7.68,5.28605
138,5.12,5.28168
139,3.584,5.23815
140,4.096,5.2096
141,4.608,5.19493
142,6.144,5.21752
143,7.168,5.26288
144,8.192,5.32945
145,6.656,5.35893
146,7.68,5.40939
147,11.264,5.53396
148,12.8,5.68533
149,8.704,5.74694
150,6.656,5.76512
151,7.68,5.80267
152,6.656,5.81908
153,5.632,5.81555
154,3.584,5.77422
155,7.68,5.80887
156,7.68,5.84229
157,10.752,5.92842
158,12.288,6.03807
159,8.704,6.08325
160,6.656,6.0928
161,5.12,6.07685
162,4.608,6.05316
163,5.632,6.04648
164,4.608,6.024
165,6.656,6.03372
166,6.144,6.03539
167,7.68,6.05994
168,7.68,6.08376
169,8.704,6.12174
170,9.728,6.17326
171,8.192,6.20169
172,6.144,6.20089
173,7.168,6.21414
174,7.68,6.23395
175,4.608,6.21227
176,4.096,6.18442
177,5.12,6.1706
178,6.144,6.17026
179,6.656,6.17641
180,6.144,6.176
181,6.144,6.1756
182,6.144,6.17522
183,4.608,6.15634
184,6.656,6.16229
185,6.144,6.16207
186,6.144,6.16186
187,6.144,6.16166
188,6.144,6.16145
189,6.144,6.16126
190,6.144,6.16107
191,6.144,6.16088
192,6.144,6.1607
193,6.144,6.16052
194,6.144,6.16034
195,6.144,6.16017
196,6.144,6.16
197,6.656,6.16511
198,6.144,6.1649
199,7.168,6.17503