0,0,-0
1,0,-0
2,0,-0
3,0,-0
4,0,-0
5,0,-0
6,0,-0
7,0,-0
8,0,-0
9,0,-0
10,0,-0
11,0,-0
12,0,-0
13,0,-0
14,0,-0
15,0,-0
16,0,-0
17,0,-0
18,0,-0
19,0,-0
20,0,-0
21,0,-0
22,0,-0
23,0,-0
24,0,-0
25,0,-0
26,0,-0
27,0,-0
28,0,-0
29,0,-0
30,0,-0
31,0,-0
32,0,-0
33,0,-0
34,0,-0
35,0,-0
36,0,-0
37,0,-0
38,0,-0
39,0,-0
40,0,-0
41,0,-0
42,0,-0
43,0,-0
44,0,-0
45,0,-0
46,0,-0
47,0,-0
48,0,-0
49,0,-0
50,0,-0
51,0,-0
52,0,-0
53,0,-0
54,0,-0
55,0,-0
56,0,-0
57,0,-0
58,0,-0
59,0,-0
60,0,-0
61,0,-0
62,0,-0
63,0,-0
64,0,-0
65,0,-0
66,0,-0
67,0,-0
68,0,-0
69,0,-0
70,0,-0
71,0,-0
72,0,-0
73,0,-0
74,0,-0
75,0,-0
76,0,-0
77,0,-0
78,0,-0
79,0,-0
80,0,-0
81,0,-0
82,0,-0
83,0,-0
84,0,-0
85,0,-0
86,0,-0
87,0,-0
88,0,-0
89,0,-0
90,0,-0
91,0,-0
92,0,-0
93,0,-0
94,0,-0
95,0,-0
96,0,-0
97,0,-0
98,0,-0
99,0,-0
100,0,0
101,3.584,3.584
102,14.336,8.96
103,17.92,11.9467
104,17.92,13.44
105,11.776,13.1072
106,14.336,13.312
107,10.752,12.9463
108,10.752,12.672
109,11.776,12.5724
110,11.264,12.4416
111,13.312,12.5207
112,10.752,12.3733
113,9.728,12.1698
114,8.192,11.8857
115,8.192,11.6395
116,7.168,11.36
117,14.848,11.5652
118,10.24,11.4916
119,11.776,11.5065
120,12.288,11.5456
121,14.336,11.6785
122,14.336,11.7993
123,16.896,12.0209
124,17.408,12.2453
125,14.336,12.329
126,15.36,12.4455
127,14.336,12.5156
128,12.288,12.5074
129,12.8,12.5175
130,12.288,12.5099
131,12.288,12.5027
132,13.824,12.544
133,16.896,12.6759
134,16.384,12.7849
135,15.872,12.8731
136,14.336,12.9138
137,11.776,12.883
138,12.288,12.8674
139,14.336,12.905
140,11.776,12.8768
141,12.8,12.8749
142,13.824,12.8975
143,14.336,12.931
144,16.896,13.0211
145,16.896,13.1072
146,19.968,13.2563
147,15.872,13.312
148,13.824,13.3227
149,16.384,13.3851
150,18.432,13.4861
151,15.36,13.5228
152,14.848,13.5483
153,18.944,13.6501
154,18.432,13.7387
155,17.92,13.8147
156,14.336,13.824
157,15.872,13.8599
158,15.36,13.8858
159,15.36,13.9108
160,11.264,13.8667
161,9.216,13.7904
162,5.12,13.6506
163,6.656,13.5396
164,10.752,13.496
165,11.264,13.4617
166,12.8,13.4516
167,11.776,13.4266
168,8.704,13.3572
169,9.216,13.2972
170,8.192,13.2242
171,8.192,13.1534
172,7.68,13.0773
173,9.216,13.0244
174,10.24,12.9868
175,10.24,12.9502
176,9.216,12.9011
177,11.264,12.8798
178,11.776,12.8656
179,11.776,12.8518
180,11.776,12.8384
181,9.216,12.7937
182,12.288,12.7875
183,11.776,12.7753
184,9.728,12.739
185,14.336,12.7578
186,15.872,12.794
187,17.408,12.8471
188,17.92,12.9047
189,16.896,12.9496
190,15.872,12.982
191,17.408,13.0307
192,17.408,13.0783
193,15.872,13.1083
194,15.36,13.1323
195,16.384,13.1665
196,12.8,13.1627
197,11.776,13.1484
198,13.312,13.15
199,13.312,13.1517