0,0,-0
1,0,-0
2,0,-0
3,0,-0
4,0,-0
5,0,-0
6,0,-0
7,0,-0
8,0,-0
9,0,-0
10,0,-0
11,0,-0
12,0,-0
13,0,-0
14,0,-0
15,0,-0
16,0,-0
17,0,-0
18,0,-0
19,0,-0
20,0,-0
21,0,-0
22,0,-0
23,0,-0
24,0,-0
25,0,-0
26,0,-0
27,0,-0
28,0,-0
29,0,-0
30,0,-0
31,0,-0
32,0,-0
33,0,-0
34,0,-0
35,0,-0
36,0,-0
37,0,-0
38,0,-0
39,0,-0
40,0,-0
41,0,-0
42,0,-0
43,0,-0
44,0,-0
45,0,-0
46,0,-0
47,0,-0
48,0,-0
49,0,-0
50,0,-0
51,0,-0
52,0,-0
53,0,-0
54,0,-0
55,0,-0
56,0,-0
57,0,-0
58,0,-0
59,0,-0
60,0,-0
61,0,-0
62,0,-0
63,0,-0
64,0,-0
65,0,-0
66,0,-0
67,0,-0
68,0,-0
69,0,-0
70,0,-0
71,0,-0
72,0,-0
73,0,-0
74,0,-0
75,0,-0
76,0,-0
77,0,-0
78,0,-0
79,0,-0
80,0,-0
81,0,-0
82,0,-0
83,0,-0
84,0,-0
85,0,-0
86,0,-0
87,0,-0
88,0,-0
89,0,-0
90,0,-0
91,0,-0
92,0,-0
93,0,-0
94,0,-0
95,0,-0
96,0,-0
97,0,-0
98,0,-0
99,0,-0
100,0,nan
101,8.704,8.704
102,26.112,17.408
103,22.016,18.944
104,23.552,20.096
105,25.088,21.0944
106,29.696,22.528
107,31.232,23.7714
108,29.696,24.512
109,29.696,25.088
110,34.304,26.0096
111,30.72,26.4378
112,31.232,26.8373
113,31.744,27.2148
114,32.256,27.5749
115,30.208,27.7504
116,28.16,27.776
117,33.28,28.0998
118,32.256,28.3307
119,26.112,28.2139
120,30.72,28.3392
121,28.16,28.3307
122,25.088,28.1833
123,23.552,27.9819
124,22.528,27.7547
125,26.624,27.7094
126,27.648,27.7071
127,27.648,27.7049
128,26.112,27.648
129,24.064,27.5244
130,25.088,27.4432
131,22.528,27.2846
132,25.6,27.232
133,27.648,27.2446
134,28.672,27.2866
135,29.184,27.3408
136,28.672,27.3778
137,28.16,27.3989
138,28.672,27.4324
139,24.576,27.3592
140,26.112,27.328
141,24.064,27.2484
142,27.136,27.2457
143,25.088,27.1955
144,22.528,27.0895
145,20.48,26.9426
146,18.432,26.7576
147,22.528,26.6676
148,24.064,26.6133
149,25.6,26.5927
150,25.088,26.5626
151,23.552,26.5035
152,22.528,26.4271
153,25.088,26.4018
154,27.136,26.4154
155,27.136,26.4285
156,27.648,26.4503
157,26.112,26.4444
158,23.552,26.3945
159,25.088,26.3723
160,26.112,26.368
161,29.696,26.4226
162,27.648,26.4423
163,27.136,26.4533
164,28.16,26.48
165,26.112,26.4743
166,27.648,26.4921
167,23.04,26.4406
168,22.528,26.3831
169,23.04,26.3346
170,24.576,26.3095
171,25.088,26.2923
172,26.624,26.2969
173,26.112,26.2944
174,25.6,26.285
175,22.528,26.2349
176,27.648,26.2535
177,30.72,26.3115
178,32.768,26.3943
179,33.792,26.4879
180,33.28,26.5728
181,34.304,26.6682
182,36.864,26.7926
183,29.184,26.8214
184,29.696,26.8556
185,27.136,26.8589
186,27.648,26.8681
187,30.208,26.9065
188,30.208,26.944
189,28.16,26.9577
190,27.648,26.9653
191,27.136,26.9672
192,25.6,26.9523
193,28.672,26.9708
194,28.16,26.9835
195,19.456,26.9043
196,23.04,26.864
197,31.232,26.909
198,28.16,26.9218
199,27.648,26.9291
Joels-MacBook-Pro:ns-3.25 JoelFrewin$ ./waf --run "testscene"
Waf: Entering directory `/Users/JoelFrewin/repos/ns-3-allinone/ns-3.25/build'
[ 836/1982] Compiling scratch/testscene.cc
[1971/1982] Linking build/scratch/testscene
clang: warning: libstdc++ is deprecated; move to libc++ with a minimum deployment target of OS X 10.9

Waf: Leaving directory `/Users/JoelFrewin/repos/ns-3-allinone/ns-3.25/build'
Build commands will be stored in build/compile_commands.json
'build' finished successfully (2.788s)
0,0,-0
1,0,-0
2,0,-0
3,0,-0
4,0,-0
5,0,-0
6,0,-0
7,0,-0
8,0,-0
9,0,-0
10,0,-0
11,0,-0
12,0,-0
13,0,-0
14,0,-0
15,0,-0
16,0,-0
17,0,-0
18,0,-0
19,0,-0
20,0,-0
21,0,-0
22,0,-0
23,0,-0
24,0,-0
25,0,-0
26,0,-0
27,0,-0
28,0,-0
29,0,-0
30,0,-0
31,0,-0
32,0,-0
33,0,-0
34,0,-0
35,0,-0
36,0,-0
37,0,-0
38,0,-0
39,0,-0
40,0,-0
41,0,-0
42,0,-0
43,0,-0
44,0,-0
45,0,-0
46,0,-0
47,0,-0
48,0,-0
49,0,-0
50,0,-0
51,0,-0
52,0,-0
53,0,-0
54,0,-0
55,0,-0
56,0,-0
57,0,-0
58,0,-0
59,0,-0
60,0,-0
61,0,-0
62,0,-0
63,0,-0
64,0,-0
65,0,-0
66,0,-0
67,0,-0
68,0,-0
69,0,-0
70,0,-0
71,0,-0
72,0,-0
73,0,-0
74,0,-0
75,0,-0
76,0,-0
77,0,-0
78,0,-0
79,0,-0
80,0,-0
81,0,-0
82,0,-0
83,0,-0
84,0,-0
85,0,-0
86,0,-0
87,0,-0
88,0,-0
89,0,-0
90,0,-0
91,0,-0
92,0,-0
93,0,-0
94,0,-0
95,0,-0
96,0,-0
97,0,-0
98,0,-0
99,0,-0
100,0,0
101,7.68,7.68
102,14.848,11.264
103,16.896,13.1413
104,18.944,14.592
105,20.992,15.872
106,18.944,16.384
107,17.92,16.6034
108,16.384,16.576
109,13.824,16.2702
110,13.312,15.9744
111,15.36,15.9185
112,18.944,16.1707
113,19.456,16.4234
114,17.92,16.5303
115,19.968,16.7595
116,15.36,16.672
117,13.824,16.5045
118,15.36,16.4409
119,20.992,16.6804
120,23.04,16.9984
121,20.992,17.1886
122,23.552,17.4778
123,20.992,17.6306
124,22.016,17.8133
125,22.528,18.0019
126,23.552,18.2154
127,22.016,18.3561
128,22.016,18.4869
129,18.944,18.5026
130,20.992,18.5856
131,23.04,18.7293
132,22.016,18.832
133,21.504,18.913
134,19.968,18.944
135,16.384,18.8709
136,16.896,18.816
137,21.504,18.8886
138,21.504,18.9575
139,19.968,18.9834
140,23.04,19.0848
141,18.432,19.0689
142,18.944,19.0659
143,22.016,19.1345
144,24.576,19.2582
145,21.504,19.3081
146,20.992,19.3447
147,20.48,19.3689
148,17.408,19.328
149,14.848,19.2366
150,17.92,19.2102
151,18.944,19.205
152,22.016,19.2591
153,22.528,19.3208
154,22.528,19.3801
155,22.528,19.4374
156,18.944,19.4286
157,20.48,19.447
158,22.528,19.5001
159,22.528,19.5515
160,22.528,19.6011
161,25.6,19.6994
162,25.088,19.7863
163,25.6,19.8786
164,23.04,19.928
165,24.064,19.9916
166,27.136,20.0999
167,23.04,20.1438
168,24.576,20.2089
169,22.016,20.2351
170,19.456,20.224
171,21.504,20.242
172,22.528,20.2738
173,21.504,20.2906
174,24.576,20.3485
175,23.552,20.3913
176,28.672,20.5002
177,27.136,20.5864
178,29.696,20.7032
179,23.552,20.7392
180,21.504,20.7488
181,27.648,20.834
182,32.256,20.9733
183,33.792,21.1277
184,32.768,21.2663
185,29.696,21.3655
186,28.672,21.4504
187,25.088,21.4922
188,23.552,21.5156
189,26.624,21.573
190,27.648,21.6405
191,26.112,21.6897
192,26.624,21.7433
193,27.648,21.8068
194,24.064,21.8308
195,26.112,21.8759
196,25.6,21.9147
197,27.136,21.9685
198,22.528,21.9742
199,25.6,22.0108