0,0,-0
1,0,-0
2,0,-0
3,0,-0
4,0,-0
5,0,-0
6,0,-0
7,0,-0
8,0,-0
9,0,-0
10,0,-0
11,0,-0
12,0,-0
13,0,-0
14,0,-0
15,0,-0
16,0,-0
17,0,-0
18,0,-0
19,0,-0
20,0,-0
21,0,-0
22,0,-0
23,0,-0
24,0,-0
25,0,-0
26,0,-0
27,0,-0
28,0,-0
29,0,-0
30,0,-0
31,0,-0
32,0,-0
33,0,-0
34,0,-0
35,0,-0
36,0,-0
37,0,-0
38,0,-0
39,0,-0
40,0,-0
41,0,-0
42,0,-0
43,0,-0
44,0,-0
45,0,-0
46,0,-0
47,0,-0
48,0,-0
49,0,-0
50,0,-0
51,0,-0
52,0,-0
53,0,-0
54,0,-0
55,0,-0
56,0,-0
57,0,-0
58,0,-0
59,0,-0
60,0,-0
61,0,-0
62,0,-0
63,0,-0
64,0,-0
65,0,-0
66,0,-0
67,0,-0
68,0,-0
69,0,-0
70,0,-0
71,0,-0
72,0,-0
73,0,-0
74,0,-0
75,0,-0
76,0,-0
77,0,-0
78,0,-0
79,0,-0
80,0,-0
81,0,-0
82,0,-0
83,0,-0
84,0,-0
85,0,-0
86,0,-0
87,0,-0
88,0,-0
89,0,-0
90,0,-0
91,0,-0
92,0,-0
93,0,-0
94,0,-0
95,0,-0
96,0,-0
97,0,-0
98,0,-0
99,0,-0
100,0,nan
101,11.264,11.264
102,30.208,20.736
103,30.208,23.8933
104,31.232,25.728
105,30.72,26.7264
106,30.208,27.3067
107,25.6,27.0629
108,26.112,26.944
109,19.456,26.112
110,24.064,25.9072
111,26.112,25.9258
112,26.112,25.9413
113,24.576,25.8363
114,22.528,25.6
115,23.04,25.4293
116,18.432,24.992
117,22.528,24.8471
118,24.064,24.8036
119,30.72,25.1149
120,31.232,25.4208
121,29.696,25.6244
122,29.696,25.8095
123,31.744,26.0675
124,30.208,26.24
125,28.16,26.3168
126,33.792,26.6043
127,36.352,26.9653
128,30.208,27.0811
129,30.208,27.189
130,26.624,27.1701
131,29.184,27.2351
132,25.6,27.184
133,27.136,27.1825
134,30.72,27.2866
135,31.232,27.3993
136,32.768,27.5484
137,36.864,27.8002
138,35.84,28.0118
139,37.376,28.2519
140,32.256,28.352
141,25.6,28.2849
142,28.16,28.2819
143,32.256,28.3743
144,32.768,28.4742
145,35.84,28.6379
146,34.816,28.7722
147,31.744,28.8354
148,28.16,28.8213
149,23.552,28.7138
150,20.48,28.5491
151,22.016,28.421
152,24.064,28.3372
153,27.136,28.3146
154,28.16,28.3117
155,29.696,28.3369
156,28.672,28.3429
157,28.672,28.3486
158,28.672,28.3542
159,33.28,28.4377
160,36.352,28.5696
161,36.352,28.6972
162,37.888,28.8454
163,39.936,29.0215
164,41.984,29.224
165,38.912,29.373
166,41.984,29.5641
167,41.472,29.7419
168,40.448,29.8993
169,35.328,29.978
170,34.816,30.0471
171,35.328,30.1215
172,36.352,30.208
173,39.424,30.3342
174,37.376,30.4294
175,37.376,30.522
176,36.352,30.5987
177,29.696,30.587
178,36.864,30.6675
179,38.4,30.7654
180,37.888,30.8544
181,32.256,30.8717
182,36.864,30.9448
183,34.816,30.9914
184,32.256,31.0065
185,37.376,31.0814
186,40.448,31.1903
187,41.472,31.3085
188,46.08,31.4764
189,43.52,31.6117
190,37.888,31.6814
191,38.4,31.7553
192,36.864,31.8108
193,36.352,31.8596
194,43.52,31.9837
195,46.08,32.132
196,44.032,32.256
197,46.592,32.4038
198,45.056,32.5329
199,43.52,32.6439