0,0,-0
1,0,-0
2,0,-0
3,0,-0
4,0,-0
5,0,-0
6,0,-0
7,0,-0
8,0,-0
9,0,-0
10,0,-0
11,0,-0
12,0,-0
13,0,-0
14,0,-0
15,0,-0
16,0,-0
17,0,-0
18,0,-0
19,0,-0
20,0,-0
21,0,-0
22,0,-0
23,0,-0
24,0,-0
25,0,-0
26,0,-0
27,0,-0
28,0,-0
29,0,-0
30,0,-0
31,0,-0
32,0,-0
33,0,-0
34,0,-0
35,0,-0
36,0,-0
37,0,-0
38,0,-0
39,0,-0
40,0,-0
41,0,-0
42,0,-0
43,0,-0
44,0,-0
45,0,-0
46,0,-0
47,0,-0
48,0,-0
49,0,-0
50,0,-0
51,0,-0
52,0,-0
53,0,-0
54,0,-0
55,0,-0
56,0,-0
57,0,-0
58,0,-0
59,0,-0
60,0,-0
61,0,-0
62,0,-0
63,0,-0
64,0,-0
65,0,-0
66,0,-0
67,0,-0
68,0,-0
69,0,-0
70,0,-0
71,0,-0
72,0,-0
73,0,-0
74,0,-0
75,0,-0
76,0,-0
77,0,-0
78,0,-0
79,0,-0
80,0,-0
81,0,-0
82,0,-0
83,0,-0
84,0,-0
85,0,-0
86,0,-0
87,0,-0
88,0,-0
89,0,-0
90,0,-0
91,0,-0
92,0,-0
93,0,-0
94,0,-0
95,0,-0
96,0,-0
97,0,-0
98,0,-0
99,0,-0
100,0,0
101,9.728,9.728
102,26.112,17.92
103,29.696,21.8453
104,29.696,23.808
105,28.672,24.7808
106,25.6,24.9173
107,23.04,24.6491
108,19.968,24.064
109,14.848,23.04
110,14.848,22.2208
111,15.872,21.6436
112,18.432,21.376
113,17.408,21.0708
114,13.312,20.5166
115,16.384,20.2411
116,16.384,20
117,19.968,19.9981
118,17.92,19.8827
119,16.384,19.6985
120,17.408,19.584
121,17.92,19.5048
122,20.48,19.5491
123,18.944,19.5228
124,17.408,19.4347
125,14.336,19.2307
126,15.36,19.0818
127,17.408,19.0199
128,15.36,18.8891
129,19.456,18.9087
130,19.456,18.9269
131,22.016,19.0266
132,19.968,19.056
133,18.944,19.0526
134,18.432,19.0344
135,15.36,18.9294
136,12.8,18.7591
137,16.896,18.7088
138,14.848,18.6072
139,15.872,18.537
140,15.36,18.4576
141,12.288,18.3071
142,12.288,18.1638
143,16.384,18.1224
144,14.848,18.048
145,17.408,18.0338
146,16.896,18.009
147,16.896,17.9854
148,17.92,17.984
149,18.432,17.9931
150,19.968,18.0326
151,20.48,18.0806
152,22.016,18.1563
153,22.016,18.2291
154,18.432,18.2329
155,17.92,18.2272
156,21.504,18.2857
157,20.48,18.3242
158,17.92,18.3172
159,20.48,18.3539
160,14.336,18.2869
161,13.824,18.2138
162,16.896,18.1925
163,13.312,18.115
164,10.752,18
165,13.824,17.9358
166,11.264,17.8347
167,17.408,17.8283
168,15.872,17.7995
169,14.336,17.7493
170,16.384,17.7298
171,20.48,17.7686
172,23.552,17.8489
173,18.432,17.8569
174,23.04,17.9269
175,24.064,18.0087
176,18.944,18.0211
177,12.8,17.9532
178,8.192,17.8281
179,11.776,17.7515
180,10.752,17.664
181,12.8,17.604
182,15.36,17.5766
183,18.432,17.5869
184,18.432,17.597
185,15.36,17.5706
186,13.312,17.5211
187,20.992,17.561
188,19.968,17.5884
189,18.944,17.6036
190,16.384,17.59
191,18.432,17.5993
192,25.088,17.6807
193,22.016,17.7273
194,18.944,17.7403
195,19.456,17.7583
196,19.968,17.7813
197,18.432,17.788
198,14.848,17.758
199,16.896,17.7493