0,0,-0
1,0,-0
2,0,-0
3,0,-0
4,0,-0
5,0,-0
6,0,-0
7,0,-0
8,0,-0
9,0,-0
10,0,-0
11,0,-0
12,0,-0
13,0,-0
14,0,-0
15,0,-0
16,0,-0
17,0,-0
18,0,-0
19,0,-0
20,0,-0
21,0,-0
22,0,-0
23,0,-0
24,0,-0
25,0,-0
26,0,-0
27,0,-0
28,0,-0
29,0,-0
30,0,-0
31,0,-0
32,0,-0
33,0,-0
34,0,-0
35,0,-0
36,0,-0
37,0,-0
38,0,-0
39,0,-0
40,0,-0
41,0,-0
42,0,-0
43,0,-0
44,0,-0
45,0,-0
46,0,-0
47,0,-0
48,0,-0
49,0,-0
50,0,-0
51,0,-0
52,0,-0
53,0,-0
54,0,-0
55,0,-0
56,0,-0
57,0,-0
58,0,-0
59,0,-0
60,0,-0
61,0,-0
62,0,-0
63,0,-0
64,0,-0
65,0,-0
66,0,-0
67,0,-0
68,0,-0
69,0,-0
70,0,-0
71,0,-0
72,0,-0
73,0,-0
74,0,-0
75,0,-0
76,0,-0
77,0,-0
78,0,-0
79,0,-0
80,0,-0
81,0,-0
82,0,-0
83,0,-0
84,0,-0
85,0,-0
86,0,-0
87,0,-0
88,0,-0
89,0,-0
90,0,-0
91,0,-0
92,0,-0
93,0,-0
94,0,-0
95,0,-0
96,0,-0
97,0,-0
98,0,-0
99,0,-0
100,0,0
101,11.776,11.776
102,33.792,22.784
103,52.736,32.768
104,50.688,37.248
105,51.712,40.1408
106,54.272,42.496
107,47.104,43.1543
108,43.008,43.136
109,49.152,43.8044
110,51.2,44.544
111,45.056,44.5905
112,42.496,44.416
113,33.28,43.5594
114,34.304,42.8983
115,40.448,42.7349
116,39.424,42.528
117,45.568,42.7068
118,49.152,43.0649
119,51.712,43.52
120,51.2,43.904
121,49.664,44.1783
122,53.248,44.5905
123,53.248,44.967
124,53.248,45.312
125,51.712,45.568
126,50.688,45.7649
127,51.2,45.9662
128,50.688,46.1349
129,43.52,46.0447
130,42.496,45.9264
131,46.592,45.9479
132,52.736,46.16
133,50.176,46.2817
134,48.128,46.336
135,46.592,46.3433
136,48.128,46.3929
137,49.664,46.4813
138,49.152,46.5516
139,46.08,46.5395
140,45.568,46.5152
141,44.544,46.4671
142,40.96,46.336
143,41.984,46.2348
144,45.568,46.2196
145,48.128,46.262
146,48.128,46.3026
147,52.224,46.4286
148,53.76,46.5813
149,54.272,46.7383
150,55.296,46.9094
151,53.248,47.0337
152,52.224,47.1335
153,53.248,47.2489
154,53.248,47.36
155,49.664,47.4019
156,54.272,47.5246
157,52.736,47.616
158,51.712,47.6866
159,51.712,47.7548
160,51.712,47.8208
161,44.544,47.7671
162,50.176,47.8059
163,46.08,47.7785
164,48.128,47.784
165,45.568,47.7499
166,48.64,47.7634
167,53.248,47.8453
168,55.296,47.9548
169,53.248,48.0315
170,48.128,48.0329
171,49.664,48.0559
172,48.64,48.064
173,52.224,48.121
174,52.224,48.1764
175,53.248,48.2441
176,54.272,48.3234
177,54.784,48.4073
178,54.784,48.489
179,52.224,48.5363
180,55.808,48.6272
181,51.712,48.6653
182,49.152,48.6712
183,49.152,48.677
184,48.64,48.6766
185,45.056,48.634
186,45.568,48.5983
187,51.712,48.6341
188,51.2,48.6633
189,52.736,48.709
190,51.712,48.7424
191,47.616,48.73
192,52.224,48.768
193,47.616,48.7556
194,53.248,48.8034
195,48.64,48.8017
196,49.664,48.8107
197,53.76,48.8617
198,54.272,48.9169
199,52.736,48.9555