0,0,-0
1,0,-0
2,0,-0
3,0,-0
4,0,-0
5,0,-0
6,0,-0
7,0,-0
8,0,-0
9,0,-0
10,0,-0
11,0,-0
12,0,-0
13,0,-0
14,0,-0
15,0,-0
16,0,-0
17,0,-0
18,0,-0
19,0,-0
20,0,-0
21,0,-0
22,0,-0
23,0,-0
24,0,-0
25,0,-0
26,0,-0
27,0,-0
28,0,-0
29,0,-0
30,0,-0
31,0,-0
32,0,-0
33,0,-0
34,0,-0
35,0,-0
36,0,-0
37,0,-0
38,0,-0
39,0,-0
40,0,-0
41,0,-0
42,0,-0
43,0,-0
44,0,-0
45,0,-0
46,0,-0
47,0,-0
48,0,-0
49,0,-0
50,0,-0
51,0,-0
52,0,-0
53,0,-0
54,0,-0
55,0,-0
56,0,-0
57,0,-0
58,0,-0
59,0,-0
60,0,-0
61,0,-0
62,0,-0
63,0,-0
64,0,-0
65,0,-0
66,0,-0
67,0,-0
68,0,-0
69,0,-0
70,0,-0
71,0,-0
72,0,-0
73,0,-0
74,0,-0
75,0,-0
76,0,-0
77,0,-0
78,0,-0
79,0,-0
80,0,-0
81,0,-0
82,0,-0
83,0,-0
84,0,-0
85,0,-0
86,0,-0
87,0,-0
88,0,-0
89,0,-0
90,0,-0
91,0,-0
92,0,-0
93,0,-0
94,0,-0
95,0,-0
96,0,-0
97,0,-0
98,0,-0
99,0,-0
100,0,0
101,1.536,1.536
102,8.704,5.12
103,7.168,5.80267
104,6.144,5.888
105,7.68,6.2464
106,6.144,6.22933
107,9.728,6.72914
108,8.192,6.912
109,8.192,7.05422
110,8.192,7.168
111,6.144,7.07491
112,5.632,6.95467
113,6.144,6.89231
114,6.144,6.83886
115,6.144,6.79253
116,6.144,6.752
117,6.144,6.71624
118,6.144,6.68444
119,6.144,6.656
120,6.144,6.6304
121,7.168,6.656
122,7.68,6.70255
123,5.12,6.63374
124,4.096,6.528
125,4.096,6.43072
126,6.656,6.43938
127,10.24,6.58015
128,10.24,6.71086
129,10.24,6.83255
130,10.24,6.94613
131,9.728,7.03587
132,8.704,7.088
133,10.24,7.18352
134,10.24,7.27341
135,10.24,7.35817
136,9.728,7.424
137,10.24,7.50011
138,10.24,7.57221
139,10.24,7.64062
140,10.24,7.7056
141,9.216,7.74244
142,8.192,7.75314
143,8.192,7.76335
144,8.192,7.77309
145,8.192,7.7824
146,8.192,7.7913
147,6.144,7.75626
148,6.144,7.72267
149,7.68,7.7218
150,8.192,7.7312
151,9.728,7.77035
152,11.776,7.84738
153,9.728,7.88287
154,8.192,7.88859
155,8.192,7.89411
156,8.192,7.89943
157,8.704,7.91354
158,8.192,7.91834
159,9.216,7.94034
160,10.24,7.97867
161,9.728,8.00734
162,8.192,8.01032
163,8.192,8.01321
164,8.192,8.016
165,8.192,8.01871
166,9.728,8.04461
167,8.192,8.04681
168,10.24,8.07906
169,8.704,8.08812
170,10.24,8.11886
171,8.704,8.1271
172,8.192,8.128
173,10.24,8.15693
174,9.728,8.17816
175,8.704,8.18517
176,9.216,8.19874
177,10.24,8.22525
178,11.264,8.26421
179,7.68,8.25681
180,10.24,8.2816
181,7.68,8.27417
182,5.632,8.24195
183,6.144,8.21667
184,6.144,8.192
185,6.144,8.16791
186,5.632,8.13842
187,6.656,8.12138
188,6.144,8.09891
189,7.168,8.08845
190,6.144,8.06684
191,6.144,8.04571
192,6.656,8.03061
193,6.144,8.01032
194,6.144,7.99047
195,6.656,7.97642
196,6.144,7.95733
197,6.144,7.93864
198,5.632,7.9151
199,6.144,7.89721