0,0,-0
1,0,-0
2,0,-0
3,0,-0
4,0,-0
5,0,-0
6,0,-0
7,0,-0
8,0,-0
9,0,-0
10,0,-0
11,0,-0
12,0,-0
13,0,-0
14,0,-0
15,0,-0
16,0,-0
17,0,-0
18,0,-0
19,0,-0
20,0,-0
21,0,-0
22,0,-0
23,0,-0
24,0,-0
25,0,-0
26,0,-0
27,0,-0
28,0,-0
29,0,-0
30,0,-0
31,0,-0
32,0,-0
33,0,-0
34,0,-0
35,0,-0
36,0,-0
37,0,-0
38,0,-0
39,0,-0
40,0,-0
41,0,-0
42,0,-0
43,0,-0
44,0,-0
45,0,-0
46,0,-0
47,0,-0
48,0,-0
49,0,-0
50,0,-0
51,0,-0
52,0,-0
53,0,-0
54,0,-0
55,0,-0
56,0,-0
57,0,-0
58,0,-0
59,0,-0
60,0,-0
61,0,-0
62,0,-0
63,0,-0
64,0,-0
65,0,-0
66,0,-0
67,0,-0
68,0,-0
69,0,-0
70,0,-0
71,0,-0
72,0,-0
73,0,-0
74,0,-0
75,0,-0
76,0,-0
77,0,-0
78,0,-0
79,0,-0
80,0,-0
81,0,-0
82,0,-0
83,0,-0
84,0,-0
85,0,-0
86,0,-0
87,0,-0
88,0,-0
89,0,-0
90,0,-0
91,0,-0
92,0,-0
93,0,-0
94,0,-0
95,0,-0
96,0,-0
97,0,-0
98,0,-0
99,0,-0
100,0,0
101,1.024,1.024
102,3.584,2.304
103,2.048,2.21867
104,0.512,1.792
105,5.632,2.56
106,6.144,3.15733
107,4.608,3.36457
108,3.584,3.392
109,2.048,3.24267
110,2.048,3.1232
111,2.048,3.02545
112,4.096,3.11467
113,4.096,3.19015
114,4.096,3.25486
115,4.096,3.31093
116,2.56,3.264
117,2.048,3.19247
118,1.536,3.10044
119,2.048,3.04505
120,2.048,2.9952
121,1.024,2.90133
122,0,2.76945
123,1.536,2.71583
124,2.048,2.688
125,2.048,2.6624
126,2.048,2.63877
127,4.096,2.69274
128,4.096,2.74286
129,4.096,2.78952
130,4.096,2.83307
131,6.144,2.93987
132,6.144,3.04
133,6.144,3.13406
134,4.608,3.17741
135,5.12,3.23291
136,6.656,3.328
137,5.632,3.39027
138,5.632,3.44926
139,5.632,3.50523
140,4.096,3.52
141,3.072,3.50907
142,4.096,3.52305
143,4.608,3.54828
144,6.144,3.60727
145,6.144,3.66364
146,6.144,3.71757
147,8.192,3.81277
148,10.24,3.94667
149,8.704,4.04376
150,10.752,4.17792
151,9.216,4.27671
152,7.168,4.33231
153,5.12,4.34717
154,4.096,4.34252
155,5.632,4.36596
156,5.632,4.38857
157,6.656,4.42835
158,7.68,4.48441
159,6.144,4.51254
160,4.096,4.5056
161,4.096,4.49889
162,2.56,4.46761
163,3.584,4.45359
164,3.584,4.44
165,3.584,4.42683
166,3.584,4.41406
167,3.584,4.40167
168,4.096,4.39718
169,5.632,4.41507
170,6.144,4.43977
171,6.144,4.46377
172,6.144,4.48711
173,6.144,4.50981
174,4.608,4.51114
175,4.608,4.51243
176,2.048,4.48
177,4.608,4.48166
178,4.608,4.48328
179,6.144,4.5043
180,6.656,4.5312
181,6.144,4.55111
182,6.144,4.57054
183,6.144,4.58949
184,6.144,4.608
185,6.144,4.62607
186,6.144,4.64372
187,6.144,4.66097
188,6.144,4.67782
189,6.144,4.69429
190,6.144,4.7104
191,6.144,4.72615
192,6.144,4.74157
193,6.144,4.75665
194,6.144,4.7714
195,6.144,4.78585
196,6.144,4.8
197,6.144,4.81386
198,6.144,4.82743
199,6.144,4.84073