0,0,-0
1,0,-0
2,0,-0
3,0,-0
4,0,-0
5,0,-0
6,0,-0
7,0,-0
8,0,-0
9,0,-0
10,0,-0
11,0,-0
12,0,-0
13,0,-0
14,0,-0
15,0,-0
16,0,-0
17,0,-0
18,0,-0
19,0,-0
20,0,-0
21,0,-0
22,0,-0
23,0,-0
24,0,-0
25,0,-0
26,0,-0
27,0,-0
28,0,-0
29,0,-0
30,0,-0
31,0,-0
32,0,-0
33,0,-0
34,0,-0
35,0,-0
36,0,-0
37,0,-0
38,0,-0
39,0,-0
40,0,-0
41,0,-0
42,0,-0
43,0,-0
44,0,-0
45,0,-0
46,0,-0
47,0,-0
48,0,-0
49,0,-0
50,0,-0
51,0,-0
52,0,-0
53,0,-0
54,0,-0
55,0,-0
56,0,-0
57,0,-0
58,0,-0
59,0,-0
60,0,-0
61,0,-0
62,0,-0
63,0,-0
64,0,-0
65,0,-0
66,0,-0
67,0,-0
68,0,-0
69,0,-0
70,0,-0
71,0,-0
72,0,-0
73,0,-0
74,0,-0
75,0,-0
76,0,-0
77,0,-0
78,0,-0
79,0,-0
80,0,-0
81,0,-0
82,0,-0
83,0,-0
84,0,-0
85,0,-0
86,0,-0
87,0,-0
88,0,-0
89,0,-0
90,0,-0
91,0,-0
92,0,-0
93,0,-0
94,0,-0
95,0,-0
96,0,-0
97,0,-0
98,0,-0
99,0,-0
100,0,0
101,1.024,1.024
102,2.048,1.536
103,3.072,2.048
104,2.56,2.176
105,0.512,1.8432
106,1.536,1.792
107,0,1.536
108,1.536,1.536
109,0,1.36533
110,0,1.2288
111,1.536,1.25673
112,2.048,1.32267
113,2.048,1.37846
114,2.048,1.42629
115,2.048,1.46773
116,2.048,1.504
117,2.048,1.536
118,2.048,1.56444
119,2.048,1.58989
120,2.048,1.6128
121,2.048,1.63352
122,2.048,1.65236
123,2.048,1.66957
124,2.048,1.68533
125,2.048,1.69984
126,2.048,1.71323
127,3.584,1.78252
128,3.584,1.84686
129,3.072,1.8891
130,2.56,1.91147
131,2.048,1.91587
132,2.56,1.936
133,4.096,2.00145
134,4.096,2.06306
135,4.096,2.12114
136,4.096,2.176
137,6.144,2.28324
138,5.632,2.37137
139,6.656,2.48123
140,4.096,2.5216
141,6.656,2.62244
142,6.144,2.70629
143,6.144,2.78623
144,6.144,2.86255
145,5.632,2.92409
146,6.144,2.99409
147,6.144,3.06111
148,5.632,3.11467
149,6.144,3.17649
150,6.144,3.23584
151,6.144,3.29286
152,6.144,3.34769
153,3.584,3.35215
154,2.048,3.328
155,4.608,3.35127
156,5.632,3.392
157,5.632,3.4313
158,5.632,3.46924
159,2.56,3.45383
160,4.608,3.47307
161,3.072,3.46649
162,4.096,3.47665
163,5.632,3.51086
164,6.144,3.552
165,3.072,3.54462
166,5.12,3.56848
167,6.656,3.61457
168,6.656,3.65929
169,5.632,3.68788
170,5.632,3.71566
171,5.632,3.74265
172,6.656,3.78311
173,5.12,3.80142
174,7.168,3.84692
175,4.096,3.85024
176,2.56,3.83326
177,4.608,3.84332
178,3.072,3.83344
179,4.608,3.84324
180,4.608,3.8528
181,6.144,3.88109
182,8.192,3.93366
183,8.192,3.98496
184,6.656,4.01676
185,6.656,4.04781
186,6.656,4.07814
187,6.656,4.10777
188,6.144,4.13091
189,6.656,4.15928
190,7.68,4.1984
191,6.144,4.21978
192,6.144,4.2407
193,7.68,4.27768
194,8.192,4.31932
195,6.656,4.34392
196,5.632,4.35733
197,2.048,4.33353
198,2.56,4.31543
199,2.048,4.29253