0,0,-0
1,0,-0
2,0,-0
3,0,-0
4,0,-0
5,0,-0
6,0,-0
7,0,-0
8,0,-0
9,0,-0
10,0,-0
11,0,-0
12,0,-0
13,0,-0
14,0,-0
15,0,-0
16,0,-0
17,0,-0
18,0,-0
19,0,-0
20,0,-0
21,0,-0
22,0,-0
23,0,-0
24,0,-0
25,0,-0
26,0,-0
27,0,-0
28,0,-0
29,0,-0
30,0,-0
31,0,-0
32,0,-0
33,0,-0
34,0,-0
35,0,-0
36,0,-0
37,0,-0
38,0,-0
39,0,-0
40,0,-0
41,0,-0
42,0,-0
43,0,-0
44,0,-0
45,0,-0
46,0,-0
47,0,-0
48,0,-0
49,0,-0
50,0,-0
51,0,-0
52,0,-0
53,0,-0
54,0,-0
55,0,-0
56,0,-0
57,0,-0
58,0,-0
59,0,-0
60,0,-0
61,0,-0
62,0,-0
63,0,-0
64,0,-0
65,0,-0
66,0,-0
67,0,-0
68,0,-0
69,0,-0
70,0,-0
71,0,-0
72,0,-0
73,0,-0
74,0,-0
75,0,-0
76,0,-0
77,0,-0
78,0,-0
79,0,-0
80,0,-0
81,0,-0
82,0,-0
83,0,-0
84,0,-0
85,0,-0
86,0,-0
87,0,-0
88,0,-0
89,0,-0
90,0,-0
91,0,-0
92,0,-0
93,0,-0
94,0,-0
95,0,-0
96,0,-0
97,0,-0
98,0,-0
99,0,-0
100,0,0
101,3.072,3.072
102,7.168,5.12
103,9.728,6.656
104,10.24,7.552
105,11.776,8.3968
106,11.776,8.96
107,10.752,9.216
108,9.728,9.28
109,7.168,9.04533
110,6.144,8.7552
111,7.168,8.61091
112,10.752,8.78933
113,8.704,8.78277
114,5.632,8.55771
115,6.656,8.43093
116,6.144,8.288
117,8.704,8.31247
118,8.704,8.33422
119,7.168,8.27284
120,8.192,8.2688
121,6.656,8.192
122,8.192,8.192
123,8.192,8.192
124,12.288,8.36267
125,11.776,8.4992
126,12.288,8.64492
127,10.752,8.72296
128,8.192,8.704
129,12.288,8.82759
130,12.288,8.94293
131,13.312,9.08387
132,14.336,9.248
133,14.336,9.40218
134,13.824,9.53224
135,13.312,9.64023
136,10.24,9.65689
137,11.264,9.70032
138,12.288,9.76842
139,13.824,9.87241
140,13.824,9.9712
141,13.312,10.0527
142,12.288,10.1059
143,11.776,10.1447
144,14.336,10.24
145,14.336,10.331
146,15.36,10.4403
147,12.8,10.4906
148,14.848,10.5813
149,16.896,10.7102
150,17.92,10.8544
151,16.896,10.9729
152,19.456,11.136
153,14.848,11.206
154,10.24,11.1881
155,10.752,11.1802
156,9.728,11.1543
157,14.848,11.2191
158,15.36,11.2905
159,15.872,11.3681
160,13.312,11.4005
161,11.776,11.4067
162,12.288,11.4209
163,12.288,11.4347
164,9.216,11.4
165,7.68,11.3428
166,11.264,11.3416
167,8.192,11.2946
168,7.168,11.2339
169,7.68,11.1824
170,8.192,11.1397
171,6.656,11.0765
172,6.144,11.008
173,4.608,10.9203
174,4.096,10.8281
175,5.12,10.752
176,6.656,10.6981
177,10.752,10.6988
178,10.24,10.6929
179,10.752,10.6937
180,10.752,10.6944
181,7.68,10.6572
182,7.68,10.6209
183,11.264,10.6286
184,12.288,10.6484
185,11.264,10.6556
186,12.288,10.6746
187,14.848,10.7226
188,13.824,10.7578
189,15.872,10.8153
190,16.384,10.8772
191,14.848,10.9208
192,16.384,10.9802
193,17.92,11.0548
194,17.408,11.1224
195,14.336,11.1562
196,10.752,11.152
197,10.24,11.1426
198,9.728,11.1282
199,10.24,11.1192