0,0,-0
1,0,-0
2,0,-0
3,0,-0
4,0,-0
5,0,-0
6,0,-0
7,0,-0
8,0,-0
9,0,-0
10,0,-0
11,0,-0
12,0,-0
13,0,-0
14,0,-0
15,0,-0
16,0,-0
17,0,-0
18,0,-0
19,0,-0
20,0,-0
21,0,-0
22,0,-0
23,0,-0
24,0,-0
25,0,-0
26,0,-0
27,0,-0
28,0,-0
29,0,-0
30,0,-0
31,0,-0
32,0,-0
33,0,-0
34,0,-0
35,0,-0
36,0,-0
37,0,-0
38,0,-0
39,0,-0
40,0,-0
41,0,-0
42,0,-0
43,0,-0
44,0,-0
45,0,-0
46,0,-0
47,0,-0
48,0,-0
49,0,-0
50,0,-0
51,0,-0
52,0,-0
53,0,-0
54,0,-0
55,0,-0
56,0,-0
57,0,-0
58,0,-0
59,0,-0
60,0,-0
61,0,-0
62,0,-0
63,0,-0
64,0,-0
65,0,-0
66,0,-0
67,0,-0
68,0,-0
69,0,-0
70,0,-0
71,0,-0
72,0,-0
73,0,-0
74,0,-0
75,0,-0
76,0,-0
77,0,-0
78,0,-0
79,0,-0
80,0,-0
81,0,-0
82,0,-0
83,0,-0
84,0,-0
85,0,-0
86,0,-0
87,0,-0
88,0,-0
89,0,-0
90,0,-0
91,0,-0
92,0,-0
93,0,-0
94,0,-0
95,0,-0
96,0,-0
97,0,-0
98,0,-0
99,0,-0
100,0,nan
101,5.12,5.12
102,11.776,8.448
103,13.824,10.24
104,15.36,11.52
105,12.288,11.6736
106,10.752,11.52
107,10.24,11.3371
108,10.24,11.2
109,10.24,11.0933
110,10.24,11.008
111,11.776,11.0778
112,12.288,11.1787
113,13.824,11.3822
114,18.432,11.8857
115,16.384,12.1856
116,16.384,12.448
117,13.312,12.4988
118,12.288,12.4871
119,12.288,12.4766
120,12.288,12.4672
121,14.848,12.5806
122,14.336,12.6604
123,13.824,12.711
124,14.336,12.7787
125,14.336,12.841
126,13.312,12.8591
127,13.824,12.8948
128,14.336,12.9463
129,12.8,12.9412
130,12.288,12.9195
131,14.336,12.9652
132,14.336,13.008
133,14.336,13.0482
134,14.336,13.0861
135,13.824,13.1072
136,14.336,13.1413
137,14.848,13.1875
138,17.92,13.312
139,18.432,13.4433
140,17.408,13.5424
141,16.896,13.6242
142,16.384,13.6899
143,14.336,13.7049
144,17.408,13.7891
145,17.408,13.8695
146,14.848,13.8908
147,15.872,13.9329
148,15.36,13.9627
149,17.408,14.033
150,18.432,14.121
151,17.92,14.1955
152,17.92,14.2671
153,16.896,14.3167
154,16.384,14.355
155,15.872,14.3825
156,17.408,14.4366
157,18.432,14.5067
158,17.408,14.5567
159,18.432,14.6224
160,18.432,14.6859
161,16.896,14.7221
162,14.848,14.7241
163,14.336,14.718
164,13.824,14.704
165,14.336,14.6983
166,14.336,14.6928
167,15.872,14.7104
168,15.872,14.7275
169,16.384,14.7515
170,15.872,14.7675
171,15.872,14.7831
172,15.872,14.7982
173,16.896,14.827
174,18.432,14.8757
175,16.384,14.8958
176,15.872,14.9086
177,14.336,14.9012
178,14.336,14.8939
179,14.336,14.8869
180,13.824,14.8736
181,14.336,14.867
182,17.408,14.898
183,16.384,14.9159
184,15.872,14.9272
185,16.896,14.9504
186,18.432,14.9909
187,16.384,15.0069
188,16.384,15.0225
189,20.48,15.0839
190,20.48,15.1438
191,17.408,15.1687
192,16.384,15.1819
193,15.872,15.1893
194,19.456,15.2347
195,17.92,15.263
196,17.92,15.2907
197,17.92,15.3178
198,18.432,15.3496
199,14.848,15.3445