0,0,-0
1,0,-0
2,0,-0
3,0,-0
4,0,-0
5,0,-0
6,0,-0
7,0,-0
8,0,-0
9,0,-0
10,0,-0
11,0,-0
12,0,-0
13,0,-0
14,0,-0
15,0,-0
16,0,-0
17,0,-0
18,0,-0
19,0,-0
20,0,-0
21,0,-0
22,0,-0
23,0,-0
24,0,-0
25,0,-0
26,0,-0
27,0,-0
28,0,-0
29,0,-0
30,0,-0
31,0,-0
32,0,-0
33,0,-0
34,0,-0
35,0,-0
36,0,-0
37,0,-0
38,0,-0
39,0,-0
40,0,-0
41,0,-0
42,0,-0
43,0,-0
44,0,-0
45,0,-0
46,0,-0
47,0,-0
48,0,-0
49,0,-0
50,0,-0
51,0,-0
52,0,-0
53,0,-0
54,0,-0
55,0,-0
56,0,-0
57,0,-0
58,0,-0
59,0,-0
60,0,-0
61,0,-0
62,0,-0
63,0,-0
64,0,-0
65,0,-0
66,0,-0
67,0,-0
68,0,-0
69,0,-0
70,0,-0
71,0,-0
72,0,-0
73,0,-0
74,0,-0
75,0,-0
76,0,-0
77,0,-0
78,0,-0
79,0,-0
80,0,-0
81,0,-0
82,0,-0
83,0,-0
84,0,-0
85,0,-0
86,0,-0
87,0,-0
88,0,-0
89,0,-0
90,0,-0
91,0,-0
92,0,-0
93,0,-0
94,0,-0
95,0,-0
96,0,-0
97,0,-0
98,0,-0
99,0,-0
100,0,0
101,7.68,7.68
102,16.896,12.288
103,14.848,13.1413
104,14.336,13.44
105,14.336,13.6192
106,14.336,13.7387
107,11.264,13.3851
108,10.752,13.056
109,11.264,12.8569
110,10.752,12.6464
111,11.776,12.5673
112,12.288,12.544
113,12.288,12.5243
114,12.288,12.5074
115,10.24,12.3563
116,11.264,12.288
117,11.776,12.2579
118,10.24,12.1458
119,11.776,12.1263
120,12.288,12.1344
121,13.312,12.1905
122,15.872,12.3578
123,16.384,12.5329
124,16.384,12.6933
125,16.896,12.8614
126,15.36,12.9575
127,17.408,13.1224
128,17.408,13.2754
129,17.92,13.4356
130,17.408,13.568
131,16.384,13.6588
132,12.8,13.632
133,15.36,13.6844
134,15.36,13.7336
135,18.944,13.8825
136,16.384,13.952
137,17.92,14.0592
138,18.432,14.1743
139,18.432,14.2835
140,16.384,14.336
141,17.92,14.4234
142,17.92,14.5067
143,15.36,14.5265
144,16.384,14.5687
145,14.848,14.5749
146,13.824,14.5586
147,16.384,14.5974
148,16.896,14.6453
149,13.824,14.6286
150,13.824,14.6125
151,13.824,14.597
152,15.872,14.6215
153,16.896,14.6645
154,17.92,14.7247
155,20.48,14.8294
156,22.016,14.9577
157,24.064,15.1175
158,24.576,15.2806
159,22.528,15.4034
160,22.528,15.5221
161,23.04,15.6454
162,23.04,15.7646
163,20.992,15.8476
164,18.944,15.896
165,19.968,15.9586
166,17.408,15.9806
167,15.872,15.979
168,14.336,15.9548
169,12.288,15.9017
170,12.288,15.8501
171,16.896,15.8648
172,16.384,15.872
173,18.432,15.9071
174,18.432,15.9412
175,18.432,15.9744
176,18.432,16.0067
177,17.92,16.0316
178,15.872,16.0295
179,17.92,16.0535
180,16.384,16.0576
181,19.456,16.0996
182,24.064,16.1967
183,22.528,16.273
184,26.624,16.3962
185,22.016,16.4623
186,22.528,16.5328
187,22.016,16.5959
188,27.648,16.7215
189,22.528,16.7867
190,15.872,16.7765
191,17.408,16.7835
192,16.896,16.7847
193,21.504,16.8354
194,22.016,16.8906
195,23.552,16.9607
196,22.016,17.0133
197,17.408,17.0174
198,14.336,16.99
199,16.384,16.9839