0,0,-0
1,0,-0
2,0,-0
3,0,-0
4,0,-0
5,0,-0
6,0,-0
7,0,-0
8,0,-0
9,0,-0
10,0,-0
11,0,-0
12,0,-0
13,0,-0
14,0,-0
15,0,-0
16,0,-0
17,0,-0
18,0,-0
19,0,-0
20,0,-0
21,0,-0
22,0,-0
23,0,-0
24,0,-0
25,0,-0
26,0,-0
27,0,-0
28,0,-0
29,0,-0
30,0,-0
31,0,-0
32,0,-0
33,0,-0
34,0,-0
35,0,-0
36,0,-0
37,0,-0
38,0,-0
39,0,-0
40,0,-0
41,0,-0
42,0,-0
43,0,-0
44,0,-0
45,0,-0
46,0,-0
47,0,-0
48,0,-0
49,0,-0
50,0,-0
51,0,-0
52,0,-0
53,0,-0
54,0,-0
55,0,-0
56,0,-0
57,0,-0
58,0,-0
59,0,-0
60,0,-0
61,0,-0
62,0,-0
63,0,-0
64,0,-0
65,0,-0
66,0,-0
67,0,-0
68,0,-0
69,0,-0
70,0,-0
71,0,-0
72,0,-0
73,0,-0
74,0,-0
75,0,-0
76,0,-0
77,0,-0
78,0,-0
79,0,-0
80,0,-0
81,0,-0
82,0,-0
83,0,-0
84,0,-0
85,0,-0
86,0,-0
87,0,-0
88,0,-0
89,0,-0
90,0,-0
91,0,-0
92,0,-0
93,0,-0
94,0,-0
95,0,-0
96,0,-0
97,0,-0
98,0,-0
99,0,-0
100,0,0
101,7.68,7.68
102,22.016,14.848
103,20.48,16.7253
104,23.04,18.304
105,19.456,18.5344
106,17.408,18.3467
107,20.992,18.7246
108,19.968,18.88
109,13.312,18.2613
110,10.752,17.5104
111,12.8,17.0822
112,14.848,16.896
113,17.92,16.9748
114,11.776,16.6034
115,9.728,16.1451
116,9.728,15.744
117,16.384,15.7816
118,15.36,15.7582
119,14.848,15.7103
120,18.432,15.8464
121,17.92,15.9451
122,16.896,15.9884
123,17.408,16.0501
124,18.944,16.1707
125,15.872,16.1587
126,13.824,16.0689
127,14.848,16.0237
128,14.848,15.9817
129,14.336,15.925
130,14.336,15.872
131,16.384,15.8885
132,14.336,15.84
133,15.872,15.841
134,15.36,15.8268
135,12.8,15.7403
136,9.728,15.5733
137,9.216,15.4015
138,10.752,15.2792
139,10.752,15.1631
140,11.776,15.0784
141,15.36,15.0853
142,13.312,15.043
143,14.336,15.0266
144,15.872,15.0458
145,16.896,15.0869
146,18.944,15.1708
147,17.92,15.2293
148,22.528,15.3813
149,18.432,15.4436
150,16.384,15.4624
151,17.408,15.5005
152,15.872,15.5077
153,17.92,15.5532
154,15.36,15.5496
155,16.384,15.5648
156,15.36,15.5611
157,14.848,15.5486
158,13.312,15.5101
159,11.264,15.4381
160,6.144,15.2832
161,3.584,15.0914
162,2.048,14.881
163,4.608,14.718
164,8.704,14.624
165,3.072,14.4463
166,2.048,14.2584
167,3.072,14.0915
168,2.048,13.9144
169,3.072,13.7572
170,6.144,13.6485
171,9.728,13.5932
172,10.24,13.5467
173,9.728,13.4944
174,7.68,13.4158
175,9.728,13.3666
176,14.336,13.3794
177,11.264,13.3519
178,8.192,13.2857
179,11.776,13.2666
180,11.776,13.248
181,10.752,13.2172
182,9.728,13.1746
183,11.776,13.1578
184,9.728,13.117
185,11.264,13.0952
186,12.8,13.0917
187,16.896,13.1354
188,15.872,13.1665
189,20.48,13.2487
190,18.944,13.312
191,19.456,13.3795
192,18.944,13.44
193,18.432,13.4937
194,17.408,13.5353
195,17.408,13.5761
196,17.408,13.616
197,12.8,13.6076
198,9.728,13.568
199,11.264,13.5447