0,0,-0
1,0,-0
2,0,-0
3,0,-0
4,0,-0
5,0,-0
6,0,-0
7,0,-0
8,0,-0
9,0,-0
10,0,-0
11,0,-0
12,0,-0
13,0,-0
14,0,-0
15,0,-0
16,0,-0
17,0,-0
18,0,-0
19,0,-0
20,0,-0
21,0,-0
22,0,-0
23,0,-0
24,0,-0
25,0,-0
26,0,-0
27,0,-0
28,0,-0
29,0,-0
30,0,-0
31,0,-0
32,0,-0
33,0,-0
34,0,-0
35,0,-0
36,0,-0
37,0,-0
38,0,-0
39,0,-0
40,0,-0
41,0,-0
42,0,-0
43,0,-0
44,0,-0
45,0,-0
46,0,-0
47,0,-0
48,0,-0
49,0,-0
50,0,-0
51,0,-0
52,0,-0
53,0,-0
54,0,-0
55,0,-0
56,0,-0
57,0,-0
58,0,-0
59,0,-0
60,0,-0
61,0,-0
62,0,-0
63,0,-0
64,0,-0
65,0,-0
66,0,-0
67,0,-0
68,0,-0
69,0,-0
70,0,-0
71,0,-0
72,0,-0
73,0,-0
74,0,-0
75,0,-0
76,0,-0
77,0,-0
78,0,-0
79,0,-0
80,0,-0
81,0,-0
82,0,-0
83,0,-0
84,0,-0
85,0,-0
86,0,-0
87,0,-0
88,0,-0
89,0,-0
90,0,-0
91,0,-0
92,0,-0
93,0,-0
94,0,-0
95,0,-0
96,0,-0
97,0,-0
98,0,-0
99,0,-0
100,0,0
101,10.752,10.752
102,26.624,18.688
103,25.6,20.992
104,24.064,21.76
105,24.064,22.2208
106,25.6,22.784
107,18.944,22.2354
108,18.432,21.76
109,17.408,21.2764
110,16.896,20.8384
111,18.944,20.6662
112,19.968,20.608
113,17.92,20.4012
114,17.408,20.1874
115,18.432,20.0704
116,17.408,19.904
117,15.872,19.6668
118,13.824,19.3422
119,17.408,19.2404
120,17.92,19.1744
121,18.432,19.139
122,18.432,19.1069
123,23.04,19.2779
124,24.576,19.4987
125,25.088,19.7222
126,27.136,20.0074
127,22.016,20.0818
128,24.064,20.224
129,21.504,20.2681
130,22.016,20.3264
131,24.064,20.447
132,26.624,20.64
133,28.16,20.8679
134,28.672,21.0974
135,28.16,21.2992
136,27.648,21.4756
137,23.04,21.5178
138,21.504,21.5175
139,19.968,21.4777
140,19.456,21.4272
141,21.504,21.4291
142,26.112,21.5406
143,25.088,21.6231
144,26.624,21.7367
145,23.552,21.7771
146,23.04,21.8045
147,22.528,21.8199
148,22.016,21.824
149,21.504,21.8175
150,19.456,21.7702
151,23.552,21.8052
152,24.064,21.8486
153,20.48,21.8228
154,24.064,21.8643
155,26.624,21.9508
156,28.16,22.0617
157,30.208,22.2046
158,27.648,22.2985
159,27.648,22.3892
160,26.624,22.4597
161,30.208,22.5868
162,30.72,22.7179
163,27.648,22.7962
164,27.648,22.872
165,26.624,22.9297
166,22.016,22.9159
167,25.088,22.9483
168,26.112,22.9948
169,29.184,23.0845
170,28.672,23.1643
171,28.16,23.2347
172,30.208,23.3316
173,30.72,23.4328
174,30.72,23.5312
175,27.648,23.5861
176,23.552,23.5857
177,25.088,23.6052
178,26.624,23.6439
179,30.208,23.727
180,30.72,23.8144
181,28.672,23.8744
182,28.672,23.9329
183,32.768,24.0393
184,38.912,24.2164
185,37.888,24.3772
186,36.864,24.5224
187,39.936,24.6996
188,36.864,24.8378
189,36.352,24.9672
190,34.304,25.0709
191,32.256,25.1499
192,37.376,25.2828
193,35.328,25.3908
194,33.28,25.4747
195,31.744,25.5407
196,29.184,25.5787
197,31.744,25.6422
198,32.256,25.7097
199,32.768,25.781