0,0,-0
1,0,-0
2,0,-0
3,0,-0
4,0,-0
5,0,-0
6,0,-0
7,0,-0
8,0,-0
9,0,-0
10,0,-0
11,0,-0
12,0,-0
13,0,-0
14,0,-0
15,0,-0
16,0,-0
17,0,-0
18,0,-0
19,0,-0
20,0,-0
21,0,-0
22,0,-0
23,0,-0
24,0,-0
25,0,-0
26,0,-0
27,0,-0
28,0,-0
29,0,-0
30,0,-0
31,0,-0
32,0,-0
33,0,-0
34,0,-0
35,0,-0
36,0,-0
37,0,-0
38,0,-0
39,0,-0
40,0,-0
41,0,-0
42,0,-0
43,0,-0
44,0,-0
45,0,-0
46,0,-0
47,0,-0
48,0,-0
49,0,-0
50,0,-0
51,0,-0
52,0,-0
53,0,-0
54,0,-0
55,0,-0
56,0,-0
57,0,-0
58,0,-0
59,0,-0
60,0,-0
61,0,-0
62,0,-0
63,0,-0
64,0,-0
65,0,-0
66,0,-0
67,0,-0
68,0,-0
69,0,-0
70,0,-0
71,0,-0
72,0,-0
73,0,-0
74,0,-0
75,0,-0
76,0,-0
77,0,-0
78,0,-0
79,0,-0
80,0,-0
81,0,-0
82,0,-0
83,0,-0
84,0,-0
85,0,-0
86,0,-0
87,0,-0
88,0,-0
89,0,-0
90,0,-0
91,0,-0
92,0,-0
93,0,-0
94,0,-0
95,0,-0
96,0,-0
97,0,-0
98,0,-0
99,0,-0
100,0,0
101,3.072,3.072
102,21.504,12.288
103,20.992,15.1893
104,23.04,17.152
105,22.528,18.2272
106,19.968,18.5173
107,16.384,18.2126
108,15.872,17.92
109,18.944,18.0338
110,17.92,18.0224
111,15.36,17.7804
112,14.336,17.4933
113,15.872,17.3686
114,16.384,17.2983
115,16.384,17.2373
116,17.92,17.28
117,28.16,17.92
118,30.72,18.6311
119,30.72,19.2674
120,28.672,19.7376
121,27.648,20.1143
122,29.696,20.5498
123,26.624,20.8139
124,25.088,20.992
125,25.6,21.1763
126,27.648,21.4252
127,26.112,21.5988
128,24.576,21.7051
129,23.552,21.7688
130,24.576,21.8624
131,24.576,21.9499
132,23.552,22
133,24.064,22.0625
134,24.576,22.1365
135,24.576,22.2062
136,24.576,22.272
137,20.48,22.2236
138,18.432,22.1238
139,17.92,22.016
140,18.432,21.9264
141,18.432,21.8412
142,21.504,21.8331
143,22.016,21.8374
144,25.088,21.9113
145,24.576,21.9705
146,24.064,22.016
147,30.72,22.2012
148,32.256,22.4107
149,29.696,22.5593
150,30.72,22.7226
151,32.256,22.9095
152,33.792,23.1188
153,34.304,23.3298
154,34.304,23.533
155,32.768,23.7009
156,34.304,23.8903
157,39.424,24.1628
158,37.888,24.3994
159,39.936,24.6628
160,40.448,24.9259
161,38.912,25.1551
162,35.84,25.3275
163,36.352,25.5025
164,35.328,25.656
165,33.28,25.7733
166,27.136,25.7939
167,31.232,25.8751
168,37.888,26.0518
169,32.768,26.1491
170,36.864,26.3022
171,32.256,26.386
172,33.792,26.4889
173,31.744,26.5609
174,32.256,26.6378
175,38.4,26.7947
176,35.84,26.9137
177,30.208,26.9565
178,28.672,26.9785
179,28.16,26.9934
180,28.672,27.0144
181,27.136,27.0159
182,34.816,27.111
183,32.768,27.1792
184,35.328,27.2762
185,28.672,27.2926
186,27.648,27.2967
187,24.064,27.2596
188,23.552,27.2175
189,23.552,27.1763
190,24.064,27.1417
191,22.528,27.091
192,26.112,27.0803
193,28.672,27.0975
194,30.208,27.1306
195,27.648,27.136
196,29.696,27.1627
197,31.744,27.2099
198,35.328,27.2927
199,36.352,27.3842