0,0,-0
1,0,-0
2,0,-0
3,0,-0
4,0,-0
5,0,-0
6,0,-0
7,0,-0
8,0,-0
9,0,-0
10,0,-0
11,0,-0
12,0,-0
13,0,-0
14,0,-0
15,0,-0
16,0,-0
17,0,-0
18,0,-0
19,0,-0
20,0,-0
21,0,-0
22,0,-0
23,0,-0
24,0,-0
25,0,-0
26,0,-0
27,0,-0
28,0,-0
29,0,-0
30,0,-0
31,0,-0
32,0,-0
33,0,-0
34,0,-0
35,0,-0
36,0,-0
37,0,-0
38,0,-0
39,0,-0
40,0,-0
41,0,-0
42,0,-0
43,0,-0
44,0,-0
45,0,-0
46,0,-0
47,0,-0
48,0,-0
49,0,-0
50,0,-0
51,0,-0
52,0,-0
53,0,-0
54,0,-0
55,0,-0
56,0,-0
57,0,-0
58,0,-0
59,0,-0
60,0,-0
61,0,-0
62,0,-0
63,0,-0
64,0,-0
65,0,-0
66,0,-0
67,0,-0
68,0,-0
69,0,-0
70,0,-0
71,0,-0
72,0,-0
73,0,-0
74,0,-0
75,0,-0
76,0,-0
77,0,-0
78,0,-0
79,0,-0
80,0,-0
81,0,-0
82,0,-0
83,0,-0
84,0,-0
85,0,-0
86,0,-0
87,0,-0
88,0,-0
89,0,-0
90,0,-0
91,0,-0
92,0,-0
93,0,-0
94,0,-0
95,0,-0
96,0,-0
97,0,-0
98,0,-0
99,0,-0
100,0,0
101,5.12,5.12
102,14.336,9.728
103,13.824,11.0933
104,16.896,12.544
105,16.896,13.4144
106,16.384,13.9093
107,13.312,13.824
108,10.24,13.376
109,13.312,13.3689
110,16.384,13.6704
111,16.384,13.9171
112,15.36,14.0373
113,16.384,14.2178
114,18.944,14.5554
115,17.92,14.7797
116,18.432,15.008
117,17.92,15.1793
118,16.384,15.2462
119,15.872,15.2792
120,16.896,15.36
121,15.872,15.3844
122,18.432,15.5229
123,15.872,15.5381
124,15.872,15.552
125,15.872,15.5648
126,16.384,15.5963
127,15.36,15.5876
128,14.336,15.5429
129,13.312,15.4659
130,12.288,15.36
131,11.264,15.2279
132,16.384,15.264
133,14.336,15.2359
134,17.92,15.3148
135,14.336,15.2869
136,13.824,15.2462
137,14.336,15.2216
138,19.456,15.3331
139,16.896,15.3731
140,16.384,15.3984
141,15.872,15.41
142,18.432,15.4819
143,16.896,15.5148
144,18.432,15.5811
145,17.92,15.6331
146,17.408,15.6717
147,16.384,15.6868
148,15.872,15.6907
149,15.872,15.6944
150,15.36,15.6877
151,18.944,15.7515
152,19.456,15.8228
153,17.92,15.8623
154,15.872,15.8625
155,17.408,15.8906
156,16.896,15.9086
157,17.408,15.9349
158,17.408,15.9603
159,17.92,15.9935
160,17.92,16.0256
161,16.896,16.0399
162,17.92,16.0702
163,16.896,16.0833
164,16.384,16.088
165,16.384,16.0926
166,16.384,16.097
167,14.336,16.0707
168,19.456,16.1205
169,16.896,16.1317
170,18.432,16.1646
171,15.36,16.1532
172,15.872,16.1493
173,14.336,16.1245
174,14.336,16.1003
175,15.36,16.0905
176,16.384,16.0943
177,17.408,16.1114
178,17.92,16.1346
179,17.408,16.1507
180,18.432,16.1792
181,13.824,16.1501
182,15.36,16.1405
183,16.384,16.1434
184,14.848,16.128
185,15.872,16.125
186,16.384,16.128
187,14.336,16.1074
188,18.944,16.1396
189,18.432,16.1654
190,16.896,16.1735
191,16.896,16.1815
192,16.896,16.1892
193,14.848,16.1748
194,14.336,16.1552
195,15.872,16.1523
196,15.36,16.144
197,16.896,16.1518
198,17.92,16.1698
199,16.896,16.1771