0,0,-0
1,0,-0
2,0,-0
3,0,-0
4,0,-0
5,0,-0
6,0,-0
7,0,-0
8,0,-0
9,0,-0
10,0,-0
11,0,-0
12,0,-0
13,0,-0
14,0,-0
15,0,-0
16,0,-0
17,0,-0
18,0,-0
19,0,-0
20,0,-0
21,0,-0
22,0,-0
23,0,-0
24,0,-0
25,0,-0
26,0,-0
27,0,-0
28,0,-0
29,0,-0
30,0,-0
31,0,-0
32,0,-0
33,0,-0
34,0,-0
35,0,-0
36,0,-0
37,0,-0
38,0,-0
39,0,-0
40,0,-0
41,0,-0
42,0,-0
43,0,-0
44,0,-0
45,0,-0
46,0,-0
47,0,-0
48,0,-0
49,0,-0
50,0,-0
51,0,-0
52,0,-0
53,0,-0
54,0,-0
55,0,-0
56,0,-0
57,0,-0
58,0,-0
59,0,-0
60,0,-0
61,0,-0
62,0,-0
63,0,-0
64,0,-0
65,0,-0
66,0,-0
67,0,-0
68,0,-0
69,0,-0
70,0,-0
71,0,-0
72,0,-0
73,0,-0
74,0,-0
75,0,-0
76,0,-0
77,0,-0
78,0,-0
79,0,-0
80,0,-0
81,0,-0
82,0,-0
83,0,-0
84,0,-0
85,0,-0
86,0,-0
87,0,-0
88,0,-0
89,0,-0
90,0,-0
91,0,-0
92,0,-0
93,0,-0
94,0,-0
95,0,-0
96,0,-0
97,0,-0
98,0,-0
99,0,-0
100,0,0
101,1.536,1.536
102,3.584,2.56
103,8.192,4.43733
104,6.144,4.864
105,4.608,4.8128
106,6.144,5.03467
107,8.192,5.48571
108,8.192,5.824
109,5.632,5.80267
110,7.68,5.9904
111,8.704,6.23709
112,7.68,6.35733
113,7.68,6.45908
114,5.632,6.4
115,5.12,6.31467
116,3.584,6.144
117,2.048,5.90306
118,0.512,5.60356
119,0,5.30863
120,2.048,5.1456
121,2.048,4.9981
122,3.072,4.91055
123,2.048,4.78609
124,2.048,4.672
125,2.048,4.56704
126,2.56,4.48985
127,4.096,4.47526
128,4.096,4.46171
129,5.632,4.50207
130,6.144,4.5568
131,6.656,4.62452
132,6.144,4.672
133,7.168,4.74764
134,6.656,4.80376
135,4.608,4.79817
136,5.632,4.82133
137,4.608,4.81557
138,4.096,4.79663
139,2.56,4.73928
140,2.048,4.672
141,4.096,4.65795
142,4.096,4.64457
143,3.584,4.61991
144,4.608,4.61964
145,6.656,4.66489
146,9.216,4.76383
147,12.8,4.93481
148,10.24,5.04533
149,11.776,5.18269
150,9.728,5.2736
151,7.168,5.31075
152,6.144,5.32677
153,6.656,5.35185
154,5.12,5.34756
155,7.168,5.38065
156,6.656,5.40343
157,6.144,5.41642
158,11.776,5.52607
159,6.144,5.53654
160,4.096,5.51253
161,4.096,5.48931
162,4.096,5.46684
163,3.584,5.43695
164,2.56,5.392
165,4.096,5.37206
166,5.12,5.36824
167,4.096,5.34925
168,4.096,5.33082
169,6.144,5.34261
170,6.144,5.35406
171,6.144,5.36518
172,6.656,5.38311
173,8.192,5.42159
174,7.68,5.45211
175,6.144,5.46133
176,4.608,5.45011
177,5.12,5.44582
178,6.144,5.45477
179,6.144,5.46349
180,6.144,5.472
181,6.144,5.4803
182,6.144,5.48839
183,6.144,5.49629
184,6.144,5.504
185,6.144,5.51153
186,6.144,5.51888
187,6.144,5.52607
188,6.144,5.53309
189,6.144,5.53996
190,6.144,5.54667
191,6.144,5.55323
192,6.144,5.55965
193,6.144,5.56594
194,6.144,5.57209
195,6.144,5.57811
196,6.144,5.584
197,6.144,5.58977
198,6.144,5.59543
199,7.68,5.61648