0,0,-0
1,0,-0
2,0,-0
3,0,-0
4,0,-0
5,0,-0
6,0,-0
7,0,-0
8,0,-0
9,0,-0
10,0,-0
11,0,-0
12,0,-0
13,0,-0
14,0,-0
15,0,-0
16,0,-0
17,0,-0
18,0,-0
19,0,-0
20,0,-0
21,0,-0
22,0,-0
23,0,-0
24,0,-0
25,0,-0
26,0,-0
27,0,-0
28,0,-0
29,0,-0
30,0,-0
31,0,-0
32,0,-0
33,0,-0
34,0,-0
35,0,-0
36,0,-0
37,0,-0
38,0,-0
39,0,-0
40,0,-0
41,0,-0
42,0,-0
43,0,-0
44,0,-0
45,0,-0
46,0,-0
47,0,-0
48,0,-0
49,0,-0
50,0,-0
51,0,-0
52,0,-0
53,0,-0
54,0,-0
55,0,-0
56,0,-0
57,0,-0
58,0,-0
59,0,-0
60,0,-0
61,0,-0
62,0,-0
63,0,-0
64,0,-0
65,0,-0
66,0,-0
67,0,-0
68,0,-0
69,0,-0
70,0,-0
71,0,-0
72,0,-0
73,0,-0
74,0,-0
75,0,-0
76,0,-0
77,0,-0
78,0,-0
79,0,-0
80,0,-0
81,0,-0
82,0,-0
83,0,-0
84,0,-0
85,0,-0
86,0,-0
87,0,-0
88,0,-0
89,0,-0
90,0,-0
91,0,-0
92,0,-0
93,0,-0
94,0,-0
95,0,-0
96,0,-0
97,0,-0
98,0,-0
99,0,-0
100,0,0
101,1.024,1.024
102,2.048,1.536
103,3.584,2.21867
104,3.072,2.432
105,4.096,2.7648
106,1.536,2.56
107,0.512,2.26743
108,1.536,2.176
109,0,1.93422
110,0,1.7408
111,1.536,1.72218
112,2.048,1.74933
113,3.072,1.85108
114,3.072,1.93829
115,2.048,1.9456
116,5.632,2.176
117,5.632,2.37929
118,4.608,2.50311
119,4.096,2.58695
120,4.096,2.6624
121,5.632,2.80381
122,4.608,2.88582
123,2.048,2.84939
124,3.072,2.85867
125,5.12,2.94912
126,4.608,3.01292
127,5.632,3.10993
128,5.12,3.18171
129,6.656,3.30152
130,5.632,3.3792
131,4.608,3.41884
132,4.096,3.44
133,5.632,3.50642
134,4.096,3.52376
135,8.704,3.67177
136,8.704,3.81156
137,9.216,3.95762
138,8.192,4.06905
139,6.656,4.13538
140,7.168,4.2112
141,5.632,4.24585
142,4.608,4.25448
143,4.096,4.25079
144,5.12,4.27055
145,4.608,4.27804
146,6.144,4.31861
147,6.144,4.35745
148,6.144,4.39467
149,5.632,4.41992
150,5.632,4.44416
151,6.144,4.47749
152,6.144,4.50954
153,5.632,4.53072
154,4.096,4.52267
155,7.168,4.57076
156,8.192,4.63543
157,8.704,4.70681
158,7.68,4.75807
159,7.68,4.80759
160,8.704,4.87253
161,6.656,4.90177
162,6.144,4.92181
163,8.704,4.98184
164,8.192,5.032
165,9.728,5.10425
166,8.704,5.15879
167,9.728,5.22699
168,9.728,5.29318
169,7.68,5.32777
170,10.752,5.40526
171,8.704,5.45172
172,6.144,5.46133
173,10.752,5.53381
174,10.752,5.60432
175,7.68,5.632
176,6.656,5.64547
177,5.12,5.63865
178,5.12,5.632
179,5.632,5.632
180,8.192,5.664
181,6.144,5.66993
182,6.656,5.68195
183,6.656,5.69369
184,11.264,5.76
185,9.728,5.80668
186,10.24,5.85823
187,11.264,5.92037
188,9.728,5.96364
189,10.24,6.01169
190,10.24,6.05867
191,8.704,6.08774
192,13.312,6.16626
193,13.312,6.2431
194,13.824,6.32374
195,13.312,6.39731
196,11.776,6.45333
197,11.264,6.50293
198,12.288,6.56196
199,10.752,6.60428