0,0,-0
1,0,-0
2,0,-0
3,0,-0
4,0,-0
5,0,-0
6,0,-0
7,0,-0
8,0,-0
9,0,-0
10,0,-0
11,0,-0
12,0,-0
13,0,-0
14,0,-0
15,0,-0
16,0,-0
17,0,-0
18,0,-0
19,0,-0
20,0,-0
21,0,-0
22,0,-0
23,0,-0
24,0,-0
25,0,-0
26,0,-0
27,0,-0
28,0,-0
29,0,-0
30,0,-0
31,0,-0
32,0,-0
33,0,-0
34,0,-0
35,0,-0
36,0,-0
37,0,-0
38,0,-0
39,0,-0
40,0,-0
41,0,-0
42,0,-0
43,0,-0
44,0,-0
45,0,-0
46,0,-0
47,0,-0
48,0,-0
49,0,-0
50,0,-0
51,0,-0
52,0,-0
53,0,-0
54,0,-0
55,0,-0
56,0,-0
57,0,-0
58,0,-0
59,0,-0
60,0,-0
61,0,-0
62,0,-0
63,0,-0
64,0,-0
65,0,-0
66,0,-0
67,0,-0
68,0,-0
69,0,-0
70,0,-0
71,0,-0
72,0,-0
73,0,-0
74,0,-0
75,0,-0
76,0,-0
77,0,-0
78,0,-0
79,0,-0
80,0,-0
81,0,-0
82,0,-0
83,0,-0
84,0,-0
85,0,-0
86,0,-0
87,0,-0
88,0,-0
89,0,-0
90,0,-0
91,0,-0
92,0,-0
93,0,-0
94,0,-0
95,0,-0
96,0,-0
97,0,-0
98,0,-0
99,0,-0
100,0,0
101,7.168,7.168
102,27.648,17.408
103,32.256,22.3573
104,32.768,24.96
105,32.768,26.5216
106,32.256,27.4773
107,22.016,26.6971
108,28.16,26.88
109,22.528,26.3964
110,27.648,26.5216
111,26.624,26.5309
112,26.624,26.5387
113,22.016,26.1908
114,24.064,26.0389
115,25.088,25.9755
116,26.112,25.984
117,30.208,26.2325
118,32.256,26.5671
119,30.208,26.7587
120,27.136,26.7776
121,26.112,26.7459
122,24.576,26.6473
123,27.136,26.6685
124,28.672,26.752
125,23.552,26.624
126,29.184,26.7225
127,29.184,26.8136
128,27.648,26.8434
129,27.648,26.8712
130,29.696,26.9653
131,32.768,27.1525
132,31.232,27.28
133,33.28,27.4618
134,33.792,27.648
135,34.304,27.8382
136,33.792,28.0036
137,32.768,28.1323
138,31.744,28.2274
139,30.72,28.2913
140,31.232,28.3648
141,28.16,28.3598
142,30.72,28.416
143,27.136,28.3862
144,26.112,28.3345
145,25.6,28.2738
146,29.184,28.2936
147,27.136,28.2689
148,27.648,28.256
149,26.624,28.2227
150,25.6,28.1702
151,27.648,28.16
152,30.208,28.1994
153,21.504,28.0731
154,25.088,28.0178
155,24.576,27.9552
156,25.6,27.9131
157,29.696,27.9444
158,31.744,28.0099
159,31.744,28.0732
160,31.744,28.1344
161,29.184,28.1516
162,29.696,28.1765
163,26.624,28.1519
164,31.744,28.208
165,25.6,28.1679
166,31.744,28.2221
167,28.16,28.2211
168,33.792,28.3031
169,32.256,28.3603
170,33.28,28.4306
171,29.184,28.4412
172,34.304,28.5227
173,30.72,28.5528
174,31.232,28.589
175,29.696,28.6037
176,31.744,28.6451
177,31.232,28.6786
178,33.792,28.7442
179,34.816,28.8211
180,35.328,28.9024
181,36.352,28.9944
182,33.28,29.0466
183,31.232,29.073
184,28.16,29.0621
185,32.256,29.0997
186,31.232,29.1245
187,28.672,29.1193
188,33.28,29.1665
189,32.256,29.2013
190,29.696,29.2068
191,26.624,29.1784
192,29.696,29.184
193,33.792,29.2335
194,31.744,29.2603
195,31.744,29.2864
196,30.72,29.3013
197,30.208,29.3107
198,33.28,29.3512
199,32.256,29.3805