0,0,-0
1,0,-0
2,0,-0
3,0,-0
4,0,-0
5,0,-0
6,0,-0
7,0,-0
8,0,-0
9,0,-0
10,0,-0
11,0,-0
12,0,-0
13,0,-0
14,0,-0
15,0,-0
16,0,-0
17,0,-0
18,0,-0
19,0,-0
20,0,-0
21,0,-0
22,0,-0
23,0,-0
24,0,-0
25,0,-0
26,0,-0
27,0,-0
28,0,-0
29,0,-0
30,0,-0
31,0,-0
32,0,-0
33,0,-0
34,0,-0
35,0,-0
36,0,-0
37,0,-0
38,0,-0
39,0,-0
40,0,-0
41,0,-0
42,0,-0
43,0,-0
44,0,-0
45,0,-0
46,0,-0
47,0,-0
48,0,-0
49,0,-0
50,0,-0
51,0,-0
52,0,-0
53,0,-0
54,0,-0
55,0,-0
56,0,-0
57,0,-0
58,0,-0
59,0,-0
60,0,-0
61,0,-0
62,0,-0
63,0,-0
64,0,-0
65,0,-0
66,0,-0
67,0,-0
68,0,-0
69,0,-0
70,0,-0
71,0,-0
72,0,-0
73,0,-0
74,0,-0
75,0,-0
76,0,-0
77,0,-0
78,0,-0
79,0,-0
80,0,-0
81,0,-0
82,0,-0
83,0,-0
84,0,-0
85,0,-0
86,0,-0
87,0,-0
88,0,-0
89,0,-0
90,0,-0
91,0,-0
92,0,-0
93,0,-0
94,0,-0
95,0,-0
96,0,-0
97,0,-0
98,0,-0
99,0,-0
100,0,0
101,8.192,8.192
102,16.384,12.288
103,16.384,13.6533
104,14.336,13.824
105,18.944,14.848
106,18.432,15.4453
107,17.92,15.7989
108,14.336,15.616
109,14.336,15.4738
110,15.36,15.4624
111,13.824,15.3135
112,14.336,15.232
113,16.896,15.36
114,17.408,15.5063
115,18.944,15.7355
116,17.92,15.872
117,16.384,15.9021
118,13.824,15.7867
119,18.944,15.9528
120,22.016,16.256
121,22.016,16.5303
122,20.992,16.7331
123,20.992,16.9183
124,22.528,17.152
125,22.528,17.367
126,22.016,17.5458
127,20.992,17.6735
128,15.36,17.5909
129,17.408,17.5846
130,15.36,17.5104
131,16.384,17.4741
132,17.92,17.488
133,19.968,17.5632
134,18.432,17.5887
135,17.92,17.5982
136,17.408,17.5929
137,21.504,17.6986
138,22.016,17.8122
139,20.992,17.8937
140,19.968,17.9456
141,23.04,18.0699
142,20.992,18.1394
143,24.064,18.2772
144,22.016,18.3622
145,20.48,18.4092
146,22.528,18.4988
147,15.872,18.4429
148,18.944,18.4533
149,18.944,18.4633
150,23.04,18.5549
151,20.48,18.5926
152,24.064,18.6978
153,20.48,18.7315
154,18.432,18.7259
155,19.456,18.7392
156,27.648,18.8983
157,22.528,18.962
158,22.528,19.0234
159,24.064,19.1089
160,23.552,19.1829
161,23.552,19.2546
162,22.016,19.2991
163,20.992,19.326
164,19.968,19.336
165,26.624,19.4481
166,26.112,19.5491
167,30.208,19.7082
168,27.136,19.8174
169,22.528,19.8567
170,19.968,19.8583
171,24.576,19.9247
172,22.528,19.9609
173,22.528,19.9961
174,22.016,20.0234
175,24.576,20.0841
176,24.576,20.1432
177,28.672,20.2539
178,28.672,20.3618
179,28.16,20.4606
180,25.6,20.5248
181,29.184,20.6317
182,30.72,20.7547
183,27.136,20.8316
184,30.72,20.9493
185,30.208,21.0583
186,31.744,21.1825
187,30.72,21.2921
188,32.256,21.4167
189,26.112,21.4695
190,28.16,21.5438
191,29.184,21.6278
192,27.136,21.6877
193,28.16,21.7572
194,26.112,21.8036
195,25.6,21.8435
196,23.04,21.856
197,28.16,21.921
198,27.648,21.9794
199,25.088,22.0108