0,0,-0
1,0,-0
2,0,-0
3,0,-0
4,0,-0
5,0,-0
6,0,-0
7,0,-0
8,0,-0
9,0,-0
10,0,-0
11,0,-0
12,0,-0
13,0,-0
14,0,-0
15,0,-0
16,0,-0
17,0,-0
18,0,-0
19,0,-0
20,0,-0
21,0,-0
22,0,-0
23,0,-0
24,0,-0
25,0,-0
26,0,-0
27,0,-0
28,0,-0
29,0,-0
30,0,-0
31,0,-0
32,0,-0
33,0,-0
34,0,-0
35,0,-0
36,0,-0
37,0,-0
38,0,-0
39,0,-0
40,0,-0
41,0,-0
42,0,-0
43,0,-0
44,0,-0
45,0,-0
46,0,-0
47,0,-0
48,0,-0
49,0,-0
50,0,-0
51,0,-0
52,0,-0
53,0,-0
54,0,-0
55,0,-0
56,0,-0
57,0,-0
58,0,-0
59,0,-0
60,0,-0
61,0,-0
62,0,-0
63,0,-0
64,0,-0
65,0,-0
66,0,-0
67,0,-0
68,0,-0
69,0,-0
70,0,-0
71,0,-0
72,0,-0
73,0,-0
74,0,-0
75,0,-0
76,0,-0
77,0,-0
78,0,-0
79,0,-0
80,0,-0
81,0,-0
82,0,-0
83,0,-0
84,0,-0
85,0,-0
86,0,-0
87,0,-0
88,0,-0
89,0,-0
90,0,-0
91,0,-0
92,0,-0
93,0,-0
94,0,-0
95,0,-0
96,0,-0
97,0,-0
98,0,-0
99,0,-0
100,0,0
101,3.072,3.072
102,8.192,5.632
103,12.8,8.02133
104,11.776,8.96
105,10.24,9.216
106,10.24,9.38667
107,13.824,10.0206
108,14.336,10.56
109,12.8,10.8089
110,11.776,10.9056
111,10.24,10.8451
112,17.92,11.4347
113,9.216,11.264
114,7.68,11.008
115,8.704,10.8544
116,9.728,10.784
117,11.264,10.8122
118,10.24,10.7804
119,10.24,10.752
120,9.728,10.7008
121,8.704,10.6057
122,6.144,10.4029
123,10.24,10.3958
124,12.288,10.4747
125,13.312,10.5882
126,14.336,10.7323
127,12.288,10.7899
128,12.288,10.8434
129,12.288,10.8932
130,12.8,10.9568
131,16.384,11.1319
132,18.432,11.36
133,18.432,11.5743
134,18.432,11.776
135,13.824,11.8345
136,16.896,11.9751
137,14.848,12.0528
138,14.336,12.1128
139,14.336,12.1698
140,13.312,12.1984
141,12.288,12.2006
142,17.408,12.3246
143,16.384,12.419
144,14.848,12.4742
145,15.872,12.5497
146,15.36,12.6108
147,17.408,12.7129
148,15.36,12.768
149,19.456,12.9045
150,20.992,13.0662
151,19.456,13.1915
152,17.92,13.2825
153,17.408,13.3603
154,11.264,13.3215
155,12.288,13.3027
156,12.288,13.2846
157,12.288,13.2671
158,12.288,13.2502
159,11.776,13.2252
160,9.728,13.1669
161,8.192,13.0854
162,8.192,13.0065
163,12.8,13.0032
164,13.312,13.008
165,15.36,13.0442
166,16.384,13.0948
167,14.848,13.121
168,15.872,13.1614
169,13.312,13.1636
170,10.752,13.1291
171,13.824,13.1389
172,14.848,13.1627
173,15.872,13.1998
174,15.872,13.2359
175,12.288,13.2233
176,10.24,13.184
177,7.168,13.1059
178,6.656,13.0232
179,9.216,12.975
180,6.144,12.8896
181,7.168,12.819
182,8.192,12.7625
183,12.288,12.7568
184,11.776,12.7451
185,12.288,12.7398
186,14.848,12.7643
187,13.312,12.7706
188,13.312,12.7767
189,15.872,12.8115
190,16.384,12.8512
191,15.872,12.8844
192,16.384,12.9224
193,16.896,12.9652
194,15.872,12.9961
195,16.384,13.0317
196,14.848,13.0507
197,13.312,13.0534
198,10.24,13.0247
199,9.728,12.9914