0,0,-0
1,0,-0
2,0,-0
3,0,-0
4,0,-0
5,0,-0
6,0,-0
7,0,-0
8,0,-0
9,0,-0
10,0,-0
11,0,-0
12,0,-0
13,0,-0
14,0,-0
15,0,-0
16,0,-0
17,0,-0
18,0,-0
19,0,-0
20,0,-0
21,0,-0
22,0,-0
23,0,-0
24,0,-0
25,0,-0
26,0,-0
27,0,-0
28,0,-0
29,0,-0
30,0,-0
31,0,-0
32,0,-0
33,0,-0
34,0,-0
35,0,-0
36,0,-0
37,0,-0
38,0,-0
39,0,-0
40,0,-0
41,0,-0
42,0,-0
43,0,-0
44,0,-0
45,0,-0
46,0,-0
47,0,-0
48,0,-0
49,0,-0
50,0,-0
51,0,-0
52,0,-0
53,0,-0
54,0,-0
55,0,-0
56,0,-0
57,0,-0
58,0,-0
59,0,-0
60,0,-0
61,0,-0
62,0,-0
63,0,-0
64,0,-0
65,0,-0
66,0,-0
67,0,-0
68,0,-0
69,0,-0
70,0,-0
71,0,-0
72,0,-0
73,0,-0
74,0,-0
75,0,-0
76,0,-0
77,0,-0
78,0,-0
79,0,-0
80,0,-0
81,0,-0
82,0,-0
83,0,-0
84,0,-0
85,0,-0
86,0,-0
87,0,-0
88,0,-0
89,0,-0
90,0,-0
91,0,-0
92,0,-0
93,0,-0
94,0,-0
95,0,-0
96,0,-0
97,0,-0
98,0,-0
99,0,-0
100,0,0
101,9.728,9.728
102,30.72,20.224
103,25.088,21.8453
104,29.696,23.808
105,25.6,24.1664
106,30.72,25.2587
107,26.112,25.3806
108,23.04,25.088
109,18.432,24.3484
110,16.896,23.6032
111,22.016,23.4589
112,22.016,23.3387
113,25.088,23.4732
114,24.064,23.5154
115,23.552,23.5179
116,23.04,23.488
117,22.528,23.4315
118,25.088,23.5236
119,28.672,23.7945
120,31.744,24.192
121,28.16,24.381
122,32.256,24.7389
123,25.6,24.7763
124,24.576,24.768
125,29.184,24.9446
126,28.672,25.088
127,29.696,25.2587
128,29.184,25.3989
129,28.672,25.5117
130,29.696,25.6512
131,29.184,25.7652
132,30.208,25.904
133,33.792,26.143
134,33.28,26.3529
135,32.256,26.5216
136,30.208,26.624
137,34.816,26.8454
138,29.184,26.9069
139,28.672,26.9522
140,24.576,26.8928
141,29.696,26.9612
142,29.696,27.0263
143,26.624,27.0169
144,31.232,27.1127
145,30.208,27.1815
146,30.208,27.2473
147,29.696,27.2994
148,29.696,27.3493
149,31.232,27.4286
150,28.672,27.4534
151,27.136,27.4472
152,27.648,27.4511
153,24.576,27.3968
154,26.624,27.3825
155,28.16,27.3967
156,32.768,27.4926
157,29.184,27.5222
158,27.136,27.5156
159,29.184,27.5439
160,32.768,27.6309
161,31.744,27.6984
162,29.696,27.7306
163,31.744,27.7943
164,29.184,27.816
165,28.16,27.8213
166,35.328,27.935
167,41.472,28.1371
168,39.936,28.3106
169,34.816,28.4049
170,28.672,28.4087
171,33.28,28.4773
172,33.792,28.5511
173,33.28,28.6159
174,34.816,28.6997
175,33.792,28.7676
176,31.744,28.8067
177,34.816,28.8848
178,34.816,28.9608
179,33.28,29.0155
180,36.864,29.1136
181,41.472,29.2662
182,41.984,29.4213
183,43.008,29.585
184,43.008,29.7448
185,40.448,29.8707
186,43.52,30.0294
187,43.52,30.1845
188,46.08,30.3651
189,40.96,30.4841
190,36.864,30.555
191,36.352,30.6187
192,37.376,30.6922
193,43.52,30.8301
194,46.08,30.9923
195,39.936,31.0865
196,43.008,31.2107
197,50.688,31.4115
198,49.664,31.5977
199,43.008,31.713