0,0,-0
1,0,-0
2,0,-0
3,0,-0
4,0,-0
5,0,-0
6,0,-0
7,0,-0
8,0,-0
9,0,-0
10,0,-0
11,0,-0
12,0,-0
13,0,-0
14,0,-0
15,0,-0
16,0,-0
17,0,-0
18,0,-0
19,0,-0
20,0,-0
21,0,-0
22,0,-0
23,0,-0
24,0,-0
25,0,-0
26,0,-0
27,0,-0
28,0,-0
29,0,-0
30,0,-0
31,0,-0
32,0,-0
33,0,-0
34,0,-0
35,0,-0
36,0,-0
37,0,-0
38,0,-0
39,0,-0
40,0,-0
41,0,-0
42,0,-0
43,0,-0
44,0,-0
45,0,-0
46,0,-0
47,0,-0
48,0,-0
49,0,-0
50,0,-0
51,0,-0
52,0,-0
53,0,-0
54,0,-0
55,0,-0
56,0,-0
57,0,-0
58,0,-0
59,0,-0
60,0,-0
61,0,-0
62,0,-0
63,0,-0
64,0,-0
65,0,-0
66,0,-0
67,0,-0
68,0,-0
69,0,-0
70,0,-0
71,0,-0
72,0,-0
73,0,-0
74,0,-0
75,0,-0
76,0,-0
77,0,-0
78,0,-0
79,0,-0
80,0,-0
81,0,-0
82,0,-0
83,0,-0
84,0,-0
85,0,-0
86,0,-0
87,0,-0
88,0,-0
89,0,-0
90,0,-0
91,0,-0
92,0,-0
93,0,-0
94,0,-0
95,0,-0
96,0,-0
97,0,-0
98,0,-0
99,0,-0
100,0,0
101,9.216,9.216
102,24.064,16.64
103,28.672,20.6507
104,26.624,22.144
105,26.112,22.9376
106,26.624,23.552
107,26.624,23.9909
108,26.112,24.256
109,17.408,23.4951
110,15.36,22.6816
111,16.384,22.1091
112,14.336,21.4613
113,19.456,21.3071
114,14.336,20.8091
115,15.872,20.48
116,13.312,20.032
117,20.992,20.0885
118,19.456,20.0533
119,19.968,20.0488
120,20.48,20.0704
121,21.504,20.1387
122,18.432,20.0611
123,15.36,19.8567
124,11.264,19.4987
125,11.776,19.1898
126,12.288,18.9243
127,15.36,18.7923
128,16.384,18.7063
129,16.384,18.6262
130,18.432,18.6197
131,17.408,18.5806
132,16.896,18.528
133,13.312,18.3699
134,13.824,18.2362
135,15.872,18.1687
136,13.312,18.0338
137,14.336,17.9338
138,14.336,17.8392
139,14.336,17.7493
140,14.848,17.6768
141,15.36,17.6203
142,17.92,17.6274
143,19.456,17.67
144,16.896,17.6524
145,15.36,17.6014
146,18.432,17.6195
147,25.088,17.7784
148,22.528,17.8773
149,18.432,17.8887
150,14.848,17.8278
151,18.944,17.8497
152,17.408,17.8412
153,23.552,17.949
154,19.456,17.9769
155,19.968,18.0131
156,15.872,17.9749
157,18.432,17.9829
158,20.992,18.0348
159,19.968,18.0675
160,11.776,17.9627
161,6.656,17.7773
162,2.048,17.5236
163,11.264,17.4243
164,12.8,17.352
165,11.776,17.2662
166,12.288,17.1908
167,10.752,17.0947
168,6.144,16.9336
169,10.752,16.8441
170,8.704,16.7278
171,11.264,16.6508
172,11.776,16.5831
173,13.824,16.5453
174,13.312,16.5016
175,12.8,16.4523
176,16.896,16.4581
177,13.824,16.4239
178,13.312,16.384
179,12.288,16.3322
180,10.24,16.256
181,13.824,16.226
182,14.848,16.2092
183,16.896,16.2174
184,14.848,16.2011
185,14.336,16.1792
186,14.336,16.1578
187,16.896,16.1663
188,18.432,16.192
189,17.92,16.2114
190,18.432,16.2361
191,18.432,16.2602
192,19.456,16.295
193,19.968,16.3345
194,19.456,16.3677
195,17.408,16.3786
196,16.896,16.384
197,16.384,16.384
198,12.8,16.3474
199,10.24,16.2857