0,0,-0
1,0,-0
2,0,-0
3,0,-0
4,0,-0
5,0,-0
6,0,-0
7,0,-0
8,0,-0
9,0,-0
10,0,-0
11,0,-0
12,0,-0
13,0,-0
14,0,-0
15,0,-0
16,0,-0
17,0,-0
18,0,-0
19,0,-0
20,0,-0
21,0,-0
22,0,-0
23,0,-0
24,0,-0
25,0,-0
26,0,-0
27,0,-0
28,0,-0
29,0,-0
30,0,-0
31,0,-0
32,0,-0
33,0,-0
34,0,-0
35,0,-0
36,0,-0
37,0,-0
38,0,-0
39,0,-0
40,0,-0
41,0,-0
42,0,-0
43,0,-0
44,0,-0
45,0,-0
46,0,-0
47,0,-0
48,0,-0
49,0,-0
50,0,-0
51,0,-0
52,0,-0
53,0,-0
54,0,-0
55,0,-0
56,0,-0
57,0,-0
58,0,-0
59,0,-0
60,0,-0
61,0,-0
62,0,-0
63,0,-0
64,0,-0
65,0,-0
66,0,-0
67,0,-0
68,0,-0
69,0,-0
70,0,-0
71,0,-0
72,0,-0
73,0,-0
74,0,-0
75,0,-0
76,0,-0
77,0,-0
78,0,-0
79,0,-0
80,0,-0
81,0,-0
82,0,-0
83,0,-0
84,0,-0
85,0,-0
86,0,-0
87,0,-0
88,0,-0
89,0,-0
90,0,-0
91,0,-0
92,0,-0
93,0,-0
94,0,-0
95,0,-0
96,0,-0
97,0,-0
98,0,-0
99,0,-0
100,0,0
101,12.288,12.288
102,46.592,29.44
103,48.128,35.6693
104,47.104,38.528
105,37.888,38.4
106,46.592,39.7653
107,54.272,41.8377
108,48.64,42.688
109,35.84,41.9271
110,46.592,42.3936
111,47.104,42.8218
112,44.032,42.9227
113,49.152,43.4018
114,47.616,43.7029
115,43.008,43.6565
116,45.056,43.744
117,38.4,43.4296
118,47.104,43.6338
119,45.568,43.7356
120,46.592,43.8784
121,44.032,43.8857
122,51.2,44.2182
123,47.104,44.3437
124,47.104,44.4587
125,49.152,44.6464
126,48.128,44.7803
127,45.056,44.7905
128,48.64,44.928
129,46.592,44.9854
130,46.592,45.0389
131,49.152,45.1716
132,53.248,45.424
133,51.2,45.599
134,55.808,45.8993
135,50.688,46.0361
136,52.736,46.2222
137,52.224,46.3844
138,49.664,46.4707
139,49.152,46.5395
140,49.664,46.6176
141,46.592,46.617
142,42.496,46.5189
143,41.472,46.4015
144,46.592,46.4058
145,47.104,46.4213
146,48.128,46.4584
147,44.032,46.4068
148,45.568,46.3893
149,46.08,46.383
150,45.568,46.3667
151,45.056,46.341
152,49.152,46.3951
153,43.008,46.3312
154,38.912,46.1938
155,39.936,46.08
156,46.08,46.08
157,39.936,45.9722
158,42.496,45.9123
159,46.592,45.9238
160,41.984,45.8581
161,50.688,45.9373
162,54.272,46.0717
163,55.296,46.2182
164,54.784,46.352
165,52.736,46.4502
166,56.32,46.5998
167,49.152,46.6379
168,56.832,46.7878
169,55.808,46.9185
170,54.272,47.0235
171,53.76,47.1184
172,54.272,47.2178
173,52.224,47.2864
174,54.272,47.3808
175,52.736,47.4522
176,53.248,47.5284
177,53.76,47.6094
178,52.224,47.6685
179,47.104,47.6614
180,53.76,47.7376
181,48.64,47.7487
182,49.152,47.7659
183,51.2,47.8072
184,53.76,47.8781
185,51.2,47.9172
186,52.736,47.9732
187,48.64,47.9809
188,49.152,47.9942
189,53.248,48.0532
190,54.272,48.1223
191,54.272,48.1899
192,55.296,48.2671
193,52.224,48.3097
194,53.248,48.3622
195,52.736,48.4083
196,51.712,48.4427
197,51.712,48.4764
198,54.272,48.5355
199,49.152,48.5417