0,0,-0
1,0,-0
2,0,-0
3,0,-0
4,0,-0
5,0,-0
6,0,-0
7,0,-0
8,0,-0
9,0,-0
10,0,-0
11,0,-0
12,0,-0
13,0,-0
14,0,-0
15,0,-0
16,0,-0
17,0,-0
18,0,-0
19,0,-0
20,0,-0
21,0,-0
22,0,-0
23,0,-0
24,0,-0
25,0,-0
26,0,-0
27,0,-0
28,0,-0
29,0,-0
30,0,-0
31,0,-0
32,0,-0
33,0,-0
34,0,-0
35,0,-0
36,0,-0
37,0,-0
38,0,-0
39,0,-0
40,0,-0
41,0,-0
42,0,-0
43,0,-0
44,0,-0
45,0,-0
46,0,-0
47,0,-0
48,0,-0
49,0,-0
50,0,-0
51,0,-0
52,0,-0
53,0,-0
54,0,-0
55,0,-0
56,0,-0
57,0,-0
58,0,-0
59,0,-0
60,0,-0
61,0,-0
62,0,-0
63,0,-0
64,0,-0
65,0,-0
66,0,-0
67,0,-0
68,0,-0
69,0,-0
70,0,-0
71,0,-0
72,0,-0
73,0,-0
74,0,-0
75,0,-0
76,0,-0
77,0,-0
78,0,-0
79,0,-0
80,0,-0
81,0,-0
82,0,-0
83,0,-0
84,0,-0
85,0,-0
86,0,-0
87,0,-0
88,0,-0
89,0,-0
90,0,-0
91,0,-0
92,0,-0
93,0,-0
94,0,-0
95,0,-0
96,0,-0
97,0,-0
98,0,-0
99,0,-0
100,0,0
101,1.024,1.024
102,0,0.512
103,2.048,1.024
104,3.584,1.664
105,1.536,1.6384
106,0,1.36533
107,1.536,1.38971
108,0,1.216
109,2.048,1.30844
110,2.048,1.3824
111,0.512,1.30327
112,1.536,1.32267
113,0.512,1.26031
114,0,1.17029
115,2.048,1.2288
116,1.024,1.216
117,0.512,1.17459
118,0,1.10933
119,0,1.05095
120,0,0.9984
121,0,0.950857
122,0,0.907636
123,0,0.868174
124,0,0.832
125,0,0.79872
126,0.512,0.787692
127,0,0.758519
128,0,0.731429
129,0,0.706207
130,0,0.682667
131,2.56,0.743226
132,1.536,0.768
133,3.072,0.837818
134,2.048,0.873412
135,3.584,0.950857
136,3.072,1.00978
137,3.072,1.06551
138,2.048,1.09137
139,0,1.06338
140,0,1.0368
141,1.024,1.03649
142,1.024,1.03619
143,1.536,1.04781
144,2.048,1.07055
145,2.048,1.09227
146,0.512,1.07965
147,3.584,1.13294
148,3.584,1.184
149,3.072,1.22253
150,2.048,1.23904
151,1.536,1.24486
152,2.56,1.27015
153,2.048,1.28483
154,2.56,1.30844
155,0.512,1.29396
156,3.584,1.33486
157,0.512,1.32042
158,4.096,1.36828
159,2.56,1.38847
160,2.048,1.39947
161,1.536,1.4017
162,1.024,1.39561
163,3.072,1.42222
164,4.096,1.464
165,2.56,1.48086
166,1.024,1.47394
167,2.048,1.48251
168,2.56,1.49835
169,3.584,1.52858
170,4.096,1.56526
171,3.072,1.58648
172,2.56,1.6
173,2.56,1.61315
174,1.024,1.60519
175,3.584,1.63157
176,1.024,1.62358
177,3.072,1.64239
178,3.584,1.66728
179,2.048,1.6721
180,0,1.6512
181,3.072,1.66874
182,3.584,1.6921
183,1.536,1.69022
184,2.048,1.69448
185,4.608,1.72875
186,4.096,1.75628
187,3.584,1.77729
188,4.096,1.80364
189,1.536,1.80063
190,0,1.78062
191,2.048,1.78356
192,3.584,1.80313
193,1.536,1.80026
194,0,1.78111
195,2.56,1.78931
196,2.56,1.79733
197,3.584,1.81575
198,4.096,1.83902
199,3.584,1.85665