0,0,-0
1,0,-0
2,0,-0
3,0,-0
4,0,-0
5,0,-0
6,0,-0
7,0,-0
8,0,-0
9,0,-0
10,0,-0
11,0,-0
12,0,-0
13,0,-0
14,0,-0
15,0,-0
16,0,-0
17,0,-0
18,0,-0
19,0,-0
20,0,-0
21,0,-0
22,0,-0
23,0,-0
24,0,-0
25,0,-0
26,0,-0
27,0,-0
28,0,-0
29,0,-0
30,0,-0
31,0,-0
32,0,-0
33,0,-0
34,0,-0
35,0,-0
36,0,-0
37,0,-0
38,0,-0
39,0,-0
40,0,-0
41,0,-0
42,0,-0
43,0,-0
44,0,-0
45,0,-0
46,0,-0
47,0,-0
48,0,-0
49,0,-0
50,0,-0
51,0,-0
52,0,-0
53,0,-0
54,0,-0
55,0,-0
56,0,-0
57,0,-0
58,0,-0
59,0,-0
60,0,-0
61,0,-0
62,0,-0
63,0,-0
64,0,-0
65,0,-0
66,0,-0
67,0,-0
68,0,-0
69,0,-0
70,0,-0
71,0,-0
72,0,-0
73,0,-0
74,0,-0
75,0,-0
76,0,-0
77,0,-0
78,0,-0
79,0,-0
80,0,-0
81,0,-0
82,0,-0
83,0,-0
84,0,-0
85,0,-0
86,0,-0
87,0,-0
88,0,-0
89,0,-0
90,0,-0
91,0,-0
92,0,-0
93,0,-0
94,0,-0
95,0,-0
96,0,-0
97,0,-0
98,0,-0
99,0,-0
100,0,nan
101,0,0
102,1.536,0.768
103,1.024,0.853333
104,1.024,0.896
105,0,0.7168
106,0.512,0.682667
107,2.048,0.877714
108,1.024,0.896
109,0.512,0.853333
110,0,0.768
111,1.024,0.791273
112,2.56,0.938667
113,1.024,0.945231
114,0,0.877714
115,0,0.8192
116,2.56,0.928
117,2.56,1.024
118,0,0.967111
119,1.536,0.997053
120,2.048,1.0496
121,2.048,1.09714
122,1.024,1.09382
123,0.512,1.06852
124,0,1.024
125,1.536,1.04448
126,1.024,1.04369
127,0.512,1.024
128,2.56,1.07886
129,1.024,1.07697
130,0,1.04107
131,1.536,1.05703
132,1.024,1.056
133,2.048,1.08606
134,4.096,1.17459
135,1.024,1.17029
136,2.048,1.19467
137,1.024,1.19005
138,2.048,1.21263
139,1.536,1.22092
140,2.048,1.2416
141,1.536,1.24878
142,1.024,1.24343
143,0.512,1.22642
144,0,1.19855
145,2.56,1.2288
146,2.048,1.24661
147,1.024,1.24187
148,1.536,1.248
149,0.512,1.23298
150,0,1.20832
151,2.56,1.23482
152,1.024,1.23077
153,1.024,1.22687
154,0,1.20415
155,1.024,1.20087
156,0.512,1.18857
157,1.024,1.18568
158,0.512,1.17407
159,0.512,1.16285
160,0,1.14347
161,0.512,1.13311
162,3.072,1.16439
163,0,1.1459
164,0,1.128
165,2.56,1.15003
166,0,1.13261
167,1.536,1.13863
168,0.512,1.12941
169,1.024,1.12788
170,0,1.11177
171,1.024,1.11054
172,0.512,1.10222
173,1.536,1.10816
174,2.048,1.12086
175,0,1.10592
176,0,1.09137
177,2.56,1.11044
178,1.024,1.10933
179,0.512,1.10177
180,0,1.088
181,0.512,1.08089
182,0.512,1.07395
183,3.072,1.09802
184,3.584,1.12762
185,0.512,1.12038
186,2.56,1.13712
187,2.048,1.14759
188,3.072,1.16945
189,2.048,1.17933
190,2.048,1.18898
191,2.56,1.20404
192,2.56,1.21878
193,0,1.20568
194,0,1.19285
195,0,1.18029
196,2.048,1.18933
197,4.096,1.2193
198,2.56,1.23298
199,2.048,1.24121