0,0,-0
1,0,-0
2,0,-0
3,0,-0
4,0,-0
5,0,-0
6,0,-0
7,0,-0
8,0,-0
9,0,-0
10,0,-0
11,0,-0
12,0,-0
13,0,-0
14,0,-0
15,0,-0
16,0,-0
17,0,-0
18,0,-0
19,0,-0
20,0,-0
21,0,-0
22,0,-0
23,0,-0
24,0,-0
25,0,-0
26,0,-0
27,0,-0
28,0,-0
29,0,-0
30,0,-0
31,0,-0
32,0,-0
33,0,-0
34,0,-0
35,0,-0
36,0,-0
37,0,-0
38,0,-0
39,0,-0
40,0,-0
41,0,-0
42,0,-0
43,0,-0
44,0,-0
45,0,-0
46,0,-0
47,0,-0
48,0,-0
49,0,-0
50,0,-0
51,0,-0
52,0,-0
53,0,-0
54,0,-0
55,0,-0
56,0,-0
57,0,-0
58,0,-0
59,0,-0
60,0,-0
61,0,-0
62,0,-0
63,0,-0
64,0,-0
65,0,-0
66,0,-0
67,0,-0
68,0,-0
69,0,-0
70,0,-0
71,0,-0
72,0,-0
73,0,-0
74,0,-0
75,0,-0
76,0,-0
77,0,-0
78,0,-0
79,0,-0
80,0,-0
81,0,-0
82,0,-0
83,0,-0
84,0,-0
85,0,-0
86,0,-0
87,0,-0
88,0,-0
89,0,-0
90,0,-0
91,0,-0
92,0,-0
93,0,-0
94,0,-0
95,0,-0
96,0,-0
97,0,-0
98,0,-0
99,0,-0
100,0,0
101,2.048,2.048
102,5.12,3.584
103,5.12,4.096
104,2.048,3.584
105,7.168,4.3008
106,4.608,4.352
107,7.168,4.75429
108,8.704,5.248
109,7.168,5.46133
110,6.144,5.5296
111,3.584,5.35273
112,7.68,5.54667
113,7.168,5.67138
114,4.096,5.55886
115,7.68,5.70027
116,6.144,5.728
117,5.632,5.72235
118,2.048,5.51822
119,4.608,5.47032
120,6.144,5.504
121,4.096,5.43695
122,3.584,5.35273
123,3.072,5.25357
124,2.048,5.12
125,9.216,5.28384
126,5.632,5.29723
127,5.12,5.29067
128,8.704,5.41257
129,6.144,5.43779
130,7.68,5.51253
131,5.12,5.49987
132,4.096,5.456
133,5.12,5.44582
134,6.144,5.46635
135,7.68,5.5296
136,4.096,5.48978
137,4.096,5.45211
138,4.096,5.41642
139,5.12,5.40882
140,6.144,5.4272
141,6.144,5.44468
142,7.168,5.48571
143,6.656,5.51293
144,2.048,5.43418
145,3.584,5.39307
146,3.072,5.34261
147,2.56,5.2834
148,5.632,5.29067
149,5.12,5.28718
150,4.096,5.26336
151,2.56,5.21035
152,4.608,5.19877
153,3.072,5.15864
154,4.096,5.13896
155,6.144,5.15724
156,4.608,5.14743
157,6.144,5.16491
158,2.048,5.11117
159,3.072,5.07661
160,2.048,5.02613
161,5.12,5.02767
162,8.704,5.08697
163,4.608,5.07937
164,4.096,5.064
165,5.632,5.07274
166,5.12,5.07345
167,10.24,5.15057
168,9.728,5.21788
169,7.68,5.25357
170,8.704,5.30286
171,7.168,5.32913
172,5.12,5.32622
173,8.704,5.37249
174,8.192,5.41059
175,6.144,5.42037
176,8.192,5.45684
177,7.68,5.48571
178,11.264,5.55979
179,7.68,5.58663
180,8.192,5.6192
181,8.704,5.65728
182,6.656,5.66946
183,7.68,5.69369
184,8.192,5.72343
185,9.728,5.77054
186,8.704,5.80465
187,7.168,5.82032
188,3.584,5.79491
189,6.656,5.80458
190,5.12,5.79698
191,6.144,5.80079
192,7.168,5.81565
193,5.12,5.80817
194,5.632,5.8063
195,4.608,5.79368
196,3.072,5.76533
197,7.68,5.78507
198,8.192,5.80963
199,6.144,5.81301