0,0,-0
1,0,-0
2,0,-0
3,0,-0
4,0,-0
5,0,-0
6,0,-0
7,0,-0
8,0,-0
9,0,-0
10,0,-0
11,0,-0
12,0,-0
13,0,-0
14,0,-0
15,0,-0
16,0,-0
17,0,-0
18,0,-0
19,0,-0
20,0,-0
21,0,-0
22,0,-0
23,0,-0
24,0,-0
25,0,-0
26,0,-0
27,0,-0
28,0,-0
29,0,-0
30,0,-0
31,0,-0
32,0,-0
33,0,-0
34,0,-0
35,0,-0
36,0,-0
37,0,-0
38,0,-0
39,0,-0
40,0,-0
41,0,-0
42,0,-0
43,0,-0
44,0,-0
45,0,-0
46,0,-0
47,0,-0
48,0,-0
49,0,-0
50,0,-0
51,0,-0
52,0,-0
53,0,-0
54,0,-0
55,0,-0
56,0,-0
57,0,-0
58,0,-0
59,0,-0
60,0,-0
61,0,-0
62,0,-0
63,0,-0
64,0,-0
65,0,-0
66,0,-0
67,0,-0
68,0,-0
69,0,-0
70,0,-0
71,0,-0
72,0,-0
73,0,-0
74,0,-0
75,0,-0
76,0,-0
77,0,-0
78,0,-0
79,0,-0
80,0,-0
81,0,-0
82,0,-0
83,0,-0
84,0,-0
85,0,-0
86,0,-0
87,0,-0
88,0,-0
89,0,-0
90,0,-0
91,0,-0
92,0,-0
93,0,-0
94,0,-0
95,0,-0
96,0,-0
97,0,-0
98,0,-0
99,0,-0
100,0,0
101,0.512,0.512
102,3.072,1.792
103,2.048,1.87733
104,0,1.408
105,2.56,1.6384
106,2.048,1.70667
107,2.56,1.82857
108,2.56,1.92
109,2.048,1.93422
110,0,1.7408
111,0,1.58255
112,0.512,1.49333
113,3.072,1.61477
114,3.584,1.75543
115,3.072,1.8432
116,2.56,1.888
117,3.072,1.95765
118,3.584,2.048
119,1.536,2.02105
120,0,1.92
121,1.536,1.90171
122,0.512,1.83855
123,3.072,1.89217
124,4.096,1.984
125,5.632,2.12992
126,3.072,2.16615
127,1.536,2.14281
128,0,2.06629
129,5.12,2.17159
130,4.096,2.23573
131,6.144,2.36181
132,3.584,2.4
133,5.632,2.49794
134,6.144,2.60518
135,4.608,2.6624
136,6.144,2.75911
137,7.168,2.87827
138,4.096,2.91032
139,5.632,2.9801
140,6.144,3.0592
141,5.632,3.12195
142,2.048,3.09638
143,6.656,3.17916
144,8.192,3.29309
145,5.632,3.34507
146,6.144,3.40591
147,6.656,3.47506
148,6.144,3.53067
149,3.584,3.53176
150,4.608,3.55328
151,9.216,3.66431
152,8.704,3.76123
153,4.608,3.77721
154,0,3.70726
155,3.584,3.70502
156,3.072,3.69371
157,1.536,3.65586
158,4.608,3.67228
159,3.584,3.67078
160,6.656,3.72053
161,2.56,3.70151
162,1.024,3.65832
163,2.56,3.64089
164,0.512,3.592
165,3.584,3.59188
166,4.096,3.59952
167,1.024,3.56107
168,0,3.50871
169,1.536,3.48012
170,2.048,3.45966
171,2.048,3.43977
172,1.024,3.40622
173,4.096,3.41567
174,4.096,3.42486
175,6.144,3.46112
176,4.608,3.47621
177,1.024,3.44436
178,0,3.40021
179,2.56,3.38957
180,2.048,3.3728
181,3.072,3.36909
182,1.024,3.34049
183,3.072,3.33725
184,4.096,3.34629
185,4.096,3.35511
186,5.12,3.37563
187,5.12,3.39568
188,3.072,3.392
189,6.656,3.42867
190,9.728,3.49867
191,6.656,3.53336
192,9.216,3.59513
193,6.656,3.62804
194,4.096,3.63302
195,2.56,3.62173
196,6.656,3.65333
197,6.144,3.67901
198,3.072,3.67282
199,5.12,3.68743