0,0,-0
1,0,-0
2,0,-0
3,0,-0
4,0,-0
5,0,-0
6,0,-0
7,0,-0
8,0,-0
9,0,-0
10,0,-0
11,0,-0
12,0,-0
13,0,-0
14,0,-0
15,0,-0
16,0,-0
17,0,-0
18,0,-0
19,0,-0
20,0,-0
21,0,-0
22,0,-0
23,0,-0
24,0,-0
25,0,-0
26,0,-0
27,0,-0
28,0,-0
29,0,-0
30,0,-0
31,0,-0
32,0,-0
33,0,-0
34,0,-0
35,0,-0
36,0,-0
37,0,-0
38,0,-0
39,0,-0
40,0,-0
41,0,-0
42,0,-0
43,0,-0
44,0,-0
45,0,-0
46,0,-0
47,0,-0
48,0,-0
49,0,-0
50,0,-0
51,0,-0
52,0,-0
53,0,-0
54,0,-0
55,0,-0
56,0,-0
57,0,-0
58,0,-0
59,0,-0
60,0,-0
61,0,-0
62,0,-0
63,0,-0
64,0,-0
65,0,-0
66,0,-0
67,0,-0
68,0,-0
69,0,-0
70,0,-0
71,0,-0
72,0,-0
73,0,-0
74,0,-0
75,0,-0
76,0,-0
77,0,-0
78,0,-0
79,0,-0
80,0,-0
81,0,-0
82,0,-0
83,0,-0
84,0,-0
85,0,-0
86,0,-0
87,0,-0
88,0,-0
89,0,-0
90,0,-0
91,0,-0
92,0,-0
93,0,-0
94,0,-0
95,0,-0
96,0,-0
97,0,-0
98,0,-0
99,0,-0
100,0,0
101,2.048,2.048
102,8.192,5.12
103,10.752,6.99733
104,8.192,7.296
105,9.728,7.7824
106,11.776,8.448
107,9.216,8.55771
108,8.192,8.512
109,5.632,8.192
110,4.096,7.7824
111,7.168,7.72655
112,7.168,7.68
113,8.704,7.75877
114,12.288,8.08229
115,7.68,8.05547
116,6.656,7.968
117,4.608,7.77035
118,4.096,7.56622
119,5.632,7.46442
120,6.144,7.3984
121,6.144,7.33867
122,7.168,7.33091
123,8.192,7.36835
124,7.68,7.38133
125,9.728,7.4752
126,9.216,7.54215
127,9.216,7.60415
128,7.168,7.58857
129,5.632,7.5211
130,4.096,7.40693
131,9.216,7.46529
132,4.608,7.376
133,8.192,7.40073
134,2.048,7.24329
135,10.752,7.34354
136,7.68,7.35289
137,8.192,7.37557
138,4.608,7.30274
139,8.192,7.32554
140,8.704,7.36
141,4.608,7.29288
142,8.192,7.31429
143,4.608,7.25135
144,4.096,7.17964
145,4.608,7.12249
146,8.192,7.14574
147,8.192,7.168
148,11.264,7.25333
149,7.168,7.25159
150,6.144,7.22944
151,4.608,7.17804
152,4.608,7.12862
153,6.144,7.11004
154,10.24,7.168
155,8.704,7.19593
156,8.192,7.21371
157,5.632,7.18596
158,10.24,7.23862
159,6.144,7.22007
160,10.24,7.2704
161,9.728,7.31069
162,6.144,7.29187
163,9.216,7.32241
164,13.312,7.416
165,5.12,7.38068
166,9.216,7.40848
167,13.824,7.50424
168,12.8,7.58212
169,8.704,7.59838
170,7.68,7.59954
171,8.192,7.60789
172,10.24,7.64444
173,6.656,7.6309
174,7.168,7.62465
175,5.632,7.59808
176,5.632,7.57221
177,9.728,7.60021
178,12.288,7.66031
179,9.728,7.68648
180,10.24,7.7184
181,14.336,7.8001
182,10.24,7.82985
183,9.728,7.85272
184,8.192,7.85676
185,6.656,7.84264
186,8.192,7.8467
187,5.632,7.82124
188,3.072,7.76727
189,8.704,7.7778
190,10.24,7.80516
191,7.68,7.80378
192,6.656,7.7913
193,5.632,7.76809
194,0,7.68545
195,9.728,7.70695
196,7.68,7.70667
197,9.728,7.72751
198,7.68,7.72702
199,9.728,7.74723