0,0,-0
1,0,-0
2,0,-0
3,0,-0
4,0,-0
5,0,-0
6,0,-0
7,0,-0
8,0,-0
9,0,-0
10,0,-0
11,0,-0
12,0,-0
13,0,-0
14,0,-0
15,0,-0
16,0,-0
17,0,-0
18,0,-0
19,0,-0
20,0,-0
21,0,-0
22,0,-0
23,0,-0
24,0,-0
25,0,-0
26,0,-0
27,0,-0
28,0,-0
29,0,-0
30,0,-0
31,0,-0
32,0,-0
33,0,-0
34,0,-0
35,0,-0
36,0,-0
37,0,-0
38,0,-0
39,0,-0
40,0,-0
41,0,-0
42,0,-0
43,0,-0
44,0,-0
45,0,-0
46,0,-0
47,0,-0
48,0,-0
49,0,-0
50,0,-0
51,0,-0
52,0,-0
53,0,-0
54,0,-0
55,0,-0
56,0,-0
57,0,-0
58,0,-0
59,0,-0
60,0,-0
61,0,-0
62,0,-0
63,0,-0
64,0,-0
65,0,-0
66,0,-0
67,0,-0
68,0,-0
69,0,-0
70,0,-0
71,0,-0
72,0,-0
73,0,-0
74,0,-0
75,0,-0
76,0,-0
77,0,-0
78,0,-0
79,0,-0
80,0,-0
81,0,-0
82,0,-0
83,0,-0
84,0,-0
85,0,-0
86,0,-0
87,0,-0
88,0,-0
89,0,-0
90,0,-0
91,0,-0
92,0,-0
93,0,-0
94,0,-0
95,0,-0
96,0,-0
97,0,-0
98,0,-0
99,0,-0
100,0,0
101,0.512,0.512
102,2.56,1.536
103,9.216,4.096
104,11.264,5.888
105,4.608,5.632
106,3.072,5.20533
107,2.56,4.82743
108,6.144,4.992
109,7.168,5.23378
110,9.728,5.6832
111,5.632,5.67855
112,3.584,5.504
113,4.096,5.39569
114,5.12,5.376
115,2.56,5.18827
116,3.072,5.056
117,5.632,5.08988
118,4.096,5.03467
119,4.608,5.01221
120,4.096,4.9664
121,3.072,4.87619
122,5.632,4.91055
123,5.12,4.91965
124,8.192,5.056
125,6.656,5.12
126,4.096,5.08062
127,7.168,5.15793
128,4.608,5.13829
129,5.632,5.15531
130,4.096,5.12
131,7.168,5.18606
132,4.608,5.168
133,5.12,5.16655
134,4.096,5.13506
135,6.656,5.17851
136,4.608,5.16267
137,6.144,5.18919
138,4.096,5.16042
139,2.048,5.08062
140,2.048,5.0048
141,3.072,4.95766
142,8.192,5.03467
143,7.68,5.09619
144,8.704,5.17818
145,4.096,5.15413
146,6.144,5.17565
147,5.632,5.18536
148,8.704,5.25867
149,2.048,5.19314
150,0,5.08928
151,3.584,5.05976
152,3.072,5.02154
153,6.144,5.04272
154,6.144,5.06311
155,4.096,5.04553
156,6.144,5.06514
157,5.12,5.06611
158,3.584,5.04055
159,7.68,5.08529
160,10.24,5.1712
161,4.608,5.16197
162,8.704,5.2191
163,7.68,5.25816
164,10.24,5.336
165,5.632,5.34055
166,5.12,5.33721
167,3.584,5.31104
168,6.656,5.33082
169,6.656,5.35003
170,8.704,5.39794
171,9.216,5.45172
172,5.12,5.44711
173,4.096,5.4286
174,3.584,5.40368
175,1.024,5.34528
176,2.048,5.30189
177,4.096,5.28623
178,6.656,5.30379
179,5.632,5.30795
180,2.048,5.2672
181,7.168,5.29067
182,5.12,5.28859
183,5.632,5.29272
184,6.144,5.30286
185,7.168,5.3248
186,6.656,5.34028
187,6.144,5.34952
188,7.168,5.37018
189,10.24,5.4249
190,8.192,5.45564
191,4.096,5.4407
192,4.096,5.42609
193,6.144,5.43381
194,6.656,5.44681
195,9.216,5.48648
196,7.168,5.504
197,6.656,5.51588
198,8.192,5.54318
199,4.096,5.52857