0,0,-0
1,0,-0
2,0,-0
3,0,-0
4,0,-0
5,0,-0
6,0,-0
7,0,-0
8,0,-0
9,0,-0
10,0,-0
11,0,-0
12,0,-0
13,0,-0
14,0,-0
15,0,-0
16,0,-0
17,0,-0
18,0,-0
19,0,-0
20,0,-0
21,0,-0
22,0,-0
23,0,-0
24,0,-0
25,0,-0
26,0,-0
27,0,-0
28,0,-0
29,0,-0
30,0,-0
31,0,-0
32,0,-0
33,0,-0
34,0,-0
35,0,-0
36,0,-0
37,0,-0
38,0,-0
39,0,-0
40,0,-0
41,0,-0
42,0,-0
43,0,-0
44,0,-0
45,0,-0
46,0,-0
47,0,-0
48,0,-0
49,0,-0
50,0,-0
51,0,-0
52,0,-0
53,0,-0
54,0,-0
55,0,-0
56,0,-0
57,0,-0
58,0,-0
59,0,-0
60,0,-0
61,0,-0
62,0,-0
63,0,-0
64,0,-0
65,0,-0
66,0,-0
67,0,-0
68,0,-0
69,0,-0
70,0,-0
71,0,-0
72,0,-0
73,0,-0
74,0,-0
75,0,-0
76,0,-0
77,0,-0
78,0,-0
79,0,-0
80,0,-0
81,0,-0
82,0,-0
83,0,-0
84,0,-0
85,0,-0
86,0,-0
87,0,-0
88,0,-0
89,0,-0
90,0,-0
91,0,-0
92,0,-0
93,0,-0
94,0,-0
95,0,-0
96,0,-0
97,0,-0
98,0,-0
99,0,-0
100,0,0
101,2.048,2.048
102,8.192,5.12
103,9.216,6.48533
104,6.144,6.4
105,7.68,6.656
106,6.656,6.656
107,8.192,6.87543
108,10.752,7.36
109,7.68,7.39556
110,6.144,7.2704
111,4.608,7.02836
112,4.608,6.82667
113,6.656,6.81354
114,5.632,6.72914
115,7.168,6.7584
116,7.168,6.784
117,3.072,6.56565
118,2.048,6.31467
119,4.096,6.19789
120,3.584,6.0672
121,7.168,6.11962
122,7.68,6.19055
123,8.192,6.27757
124,8.704,6.37867
125,3.584,6.26688
126,4.096,6.18338
127,3.072,6.06815
128,2.048,5.92457
129,4.608,5.87917
130,5.12,5.85387
131,4.608,5.81368
132,5.12,5.792
133,6.144,5.80267
134,6.144,5.81271
135,4.608,5.77829
136,5.632,5.77422
137,3.584,5.71503
138,2.048,5.61853
139,7.168,5.65826
140,8.704,5.7344
141,5.632,5.7319
142,4.096,5.69295
143,4.096,5.65581
144,4.096,5.62036
145,6.144,5.632
146,8.192,5.68765
147,6.144,5.69736
148,4.096,5.664
149,4.608,5.64245
150,3.072,5.59104
151,9.728,5.67216
152,5.12,5.66154
153,4.608,5.64166
154,6.144,5.65096
155,8.704,5.70647
156,6.144,5.71429
157,4.608,5.69488
158,7.168,5.72028
159,3.584,5.68407
160,2.048,5.62347
161,1.536,5.55646
162,0.512,5.4751
163,2.56,5.42883
164,5.632,5.432
165,4.608,5.41932
166,4.096,5.39927
167,3.072,5.36454
168,1.536,5.30824
169,6.144,5.32035
170,5.632,5.3248
171,6.144,5.33634
172,4.608,5.32622
173,2.56,5.28833
174,2.048,5.24454
175,4.096,5.22923
176,3.072,5.20084
177,4.096,5.18649
178,2.56,5.15282
179,5.632,5.15889
180,6.656,5.1776
181,7.168,5.20217
182,3.584,5.18244
183,3.584,5.16318
184,2.048,5.1261
185,5.632,5.13205
186,5.632,5.13786
187,4.096,5.12589
188,2.048,5.09091
189,9.216,5.13726
190,12.8,5.2224
191,6.656,5.23815
192,2.56,5.20904
193,7.168,5.23011
194,6.144,5.23983
195,5.632,5.24396
196,6.656,5.25867
197,3.072,5.23612
198,1.536,5.19837
199,4.096,5.18723