0,0,-0
1,0,-0
2,0,-0
3,0,-0
4,0,-0
5,0,-0
6,0,-0
7,0,-0
8,0,-0
9,0,-0
10,0,-0
11,0,-0
12,0,-0
13,0,-0
14,0,-0
15,0,-0
16,0,-0
17,0,-0
18,0,-0
19,0,-0
20,0,-0
21,0,-0
22,0,-0
23,0,-0
24,0,-0
25,0,-0
26,0,-0
27,0,-0
28,0,-0
29,0,-0
30,0,-0
31,0,-0
32,0,-0
33,0,-0
34,0,-0
35,0,-0
36,0,-0
37,0,-0
38,0,-0
39,0,-0
40,0,-0
41,0,-0
42,0,-0
43,0,-0
44,0,-0
45,0,-0
46,0,-0
47,0,-0
48,0,-0
49,0,-0
50,0,-0
51,0,-0
52,0,-0
53,0,-0
54,0,-0
55,0,-0
56,0,-0
57,0,-0
58,0,-0
59,0,-0
60,0,-0
61,0,-0
62,0,-0
63,0,-0
64,0,-0
65,0,-0
66,0,-0
67,0,-0
68,0,-0
69,0,-0
70,0,-0
71,0,-0
72,0,-0
73,0,-0
74,0,-0
75,0,-0
76,0,-0
77,0,-0
78,0,-0
79,0,-0
80,0,-0
81,0,-0
82,0,-0
83,0,-0
84,0,-0
85,0,-0
86,0,-0
87,0,-0
88,0,-0
89,0,-0
90,0,-0
91,0,-0
92,0,-0
93,0,-0
94,0,-0
95,0,-0
96,0,-0
97,0,-0
98,0,-0
99,0,-0
100,0,0
101,2.048,2.048
102,4.096,3.072
103,4.608,3.584
104,8.192,4.736
105,4.096,4.608
106,4.096,4.52267
107,4.608,4.53486
108,4.608,4.544
109,0.512,4.096
110,0,3.6864
111,0,3.35127
112,0,3.072
113,3.584,3.11138
114,6.144,3.328
115,4.096,3.3792
116,5.12,3.488
117,6.656,3.67435
118,5.12,3.75467
119,5.12,3.82653
120,4.608,3.8656
121,6.144,3.9741
122,14.848,4.46836
123,13.312,4.85287
124,13.824,5.22667
125,13.824,5.57056
126,15.36,5.94708
127,12.8,6.20089
128,11.264,6.38171
129,9.216,6.47945
130,9.728,6.58773
131,9.728,6.68903
132,10.24,6.8
133,12.288,6.9663
134,11.264,7.09271
135,9.216,7.15337
136,10.24,7.23911
137,12.8,7.38941
138,12.288,7.51832
139,14.848,7.70626
140,16.384,7.9232
141,14.336,8.07961
142,12.288,8.17981
143,12.8,8.28726
144,14.336,8.42473
145,9.216,8.44231
146,8.704,8.448
147,6.144,8.39898
148,5.12,8.33067
149,5.12,8.26514
150,7.168,8.2432
151,6.656,8.21208
152,6.144,8.17231
153,5.632,8.12438
154,5.12,8.06874
155,5.632,8.02444
156,7.168,8.00914
157,8.704,8.02133
158,9.728,8.05076
159,6.656,8.02712
160,5.632,7.9872
161,4.096,7.92341
162,5.632,7.88645
163,6.656,7.86692
164,8.192,7.872
165,9.216,7.89268
166,10.24,7.92824
167,6.656,7.90925
168,7.168,7.89835
169,6.144,7.87293
170,6.144,7.84823
171,5.632,7.81701
172,2.56,7.744
173,5.632,7.71507
174,5.12,7.68
175,5.12,7.64587
176,6.144,7.62611
177,10.752,7.6667
178,8.192,7.67344
179,6.656,7.66056
180,6.144,7.6416
181,10.24,7.67368
182,12.288,7.72995
183,11.264,7.77253
184,11.264,7.8141
185,9.216,7.83059
186,8.704,7.84074
187,11.776,7.88598
188,11.776,7.93018
189,12.288,7.97915
190,6.144,7.95876
191,7.68,7.95569
192,12.8,8.00835
193,14.336,8.07639
194,12.8,8.12664
195,13.312,8.18122
196,13.312,8.23467
197,13.824,8.29229
198,11.264,8.32261
199,12.8,8.36784