0,0,-0
1,0,-0
2,0,-0
3,0,-0
4,0,-0
5,0,-0
6,0,-0
7,0,-0
8,0,-0
9,0,-0
10,0,-0
11,0,-0
12,0,-0
13,0,-0
14,0,-0
15,0,-0
16,0,-0
17,0,-0
18,0,-0
19,0,-0
20,0,-0
21,0,-0
22,0,-0
23,0,-0
24,0,-0
25,0,-0
26,0,-0
27,0,-0
28,0,-0
29,0,-0
30,0,-0
31,0,-0
32,0,-0
33,0,-0
34,0,-0
35,0,-0
36,0,-0
37,0,-0
38,0,-0
39,0,-0
40,0,-0
41,0,-0
42,0,-0
43,0,-0
44,0,-0
45,0,-0
46,0,-0
47,0,-0
48,0,-0
49,0,-0
50,0,-0
51,0,-0
52,0,-0
53,0,-0
54,0,-0
55,0,-0
56,0,-0
57,0,-0
58,0,-0
59,0,-0
60,0,-0
61,0,-0
62,0,-0
63,0,-0
64,0,-0
65,0,-0
66,0,-0
67,0,-0
68,0,-0
69,0,-0
70,0,-0
71,0,-0
72,0,-0
73,0,-0
74,0,-0
75,0,-0
76,0,-0
77,0,-0
78,0,-0
79,0,-0
80,0,-0
81,0,-0
82,0,-0
83,0,-0
84,0,-0
85,0,-0
86,0,-0
87,0,-0
88,0,-0
89,0,-0
90,0,-0
91,0,-0
92,0,-0
93,0,-0
94,0,-0
95,0,-0
96,0,-0
97,0,-0
98,0,-0
99,0,-0
100,0,0
101,4.608,4.608
102,18.432,11.52
103,17.408,13.4827
104,17.408,14.464
105,13.824,14.336
106,17.92,14.9333
107,17.92,15.36
108,17.408,15.616
109,13.312,15.36
110,11.776,15.0016
111,19.456,15.4065
112,17.92,15.616
113,18.432,15.8326
114,18.432,16.0183
115,15.872,16.0085
116,19.456,16.224
117,16.896,16.2635
118,16.384,16.2702
119,17.92,16.3571
120,18.432,16.4608
121,18.432,16.5547
122,18.432,16.64
123,18.432,16.7179
124,18.432,16.7893
125,16.384,16.7731
126,16.384,16.7582
127,18.432,16.8201
128,16.384,16.8046
129,16.384,16.7901
130,14.848,16.7253
131,15.872,16.6978
132,17.408,16.72
133,18.432,16.7719
134,17.408,16.7906
135,17.408,16.8082
136,17.408,16.8249
137,14.336,16.7576
138,15.36,16.7208
139,15.36,16.6859
140,15.872,16.6656
141,17.92,16.6962
142,16.896,16.701
143,17.92,16.7293
144,17.408,16.7447
145,18.432,16.7822
146,18.432,16.8181
147,14.848,16.7762
148,16.384,16.768
149,19.968,16.8333
150,20.48,16.9062
151,19.456,16.9562
152,18.432,16.9846
153,15.36,16.954
154,15.36,16.9244
155,17.408,16.9332
156,15.872,16.9143
157,15.872,16.896
158,19.456,16.9401
159,15.872,16.922
160,15.872,16.9045
161,15.36,16.8792
162,18.944,16.9125
163,16.896,16.9123
164,17.92,16.928
165,16.896,16.9275
166,17.408,16.9348
167,19.968,16.9801
168,18.432,17.0014
169,17.92,17.0147
170,18.432,17.035
171,16.896,17.033
172,16.896,17.0311
173,17.92,17.0433
174,17.408,17.0482
175,17.92,17.0598
176,17.92,17.0712
177,18.432,17.0888
178,18.432,17.1061
179,15.36,17.0839
180,16.384,17.0752
181,16.896,17.073
182,17.92,17.0833
183,17.408,17.0872
184,17.408,17.091
185,17.408,17.0948
186,18.432,17.1103
187,17.408,17.1137
188,17.92,17.1229
189,16.896,17.1204
190,17.92,17.1292
191,18.432,17.1436
192,18.432,17.1576
193,18.432,17.1713
194,17.408,17.1738
195,16.896,17.1709
196,17.92,17.1787
197,18.432,17.1916
198,18.944,17.2095
199,16.896,17.2063