0,0,-0
1,0,-0
2,0,-0
3,0,-0
4,0,-0
5,0,-0
6,0,-0
7,0,-0
8,0,-0
9,0,-0
10,0,-0
11,0,-0
12,0,-0
13,0,-0
14,0,-0
15,0,-0
16,0,-0
17,0,-0
18,0,-0
19,0,-0
20,0,-0
21,0,-0
22,0,-0
23,0,-0
24,0,-0
25,0,-0
26,0,-0
27,0,-0
28,0,-0
29,0,-0
30,0,-0
31,0,-0
32,0,-0
33,0,-0
34,0,-0
35,0,-0
36,0,-0
37,0,-0
38,0,-0
39,0,-0
40,0,-0
41,0,-0
42,0,-0
43,0,-0
44,0,-0
45,0,-0
46,0,-0
47,0,-0
48,0,-0
49,0,-0
50,0,-0
51,0,-0
52,0,-0
53,0,-0
54,0,-0
55,0,-0
56,0,-0
57,0,-0
58,0,-0
59,0,-0
60,0,-0
61,0,-0
62,0,-0
63,0,-0
64,0,-0
65,0,-0
66,0,-0
67,0,-0
68,0,-0
69,0,-0
70,0,-0
71,0,-0
72,0,-0
73,0,-0
74,0,-0
75,0,-0
76,0,-0
77,0,-0
78,0,-0
79,0,-0
80,0,-0
81,0,-0
82,0,-0
83,0,-0
84,0,-0
85,0,-0
86,0,-0
87,0,-0
88,0,-0
89,0,-0
90,0,-0
91,0,-0
92,0,-0
93,0,-0
94,0,-0
95,0,-0
96,0,-0
97,0,-0
98,0,-0
99,0,-0
100,0,0
101,7.68,7.68
102,16.896,12.288
103,22.016,15.5307
104,19.968,16.64
105,17.92,16.896
106,19.968,17.408
107,12.8,16.7497
108,11.264,16.064
109,12.8,15.7013
110,12.8,15.4112
111,15.872,15.4531
112,19.456,15.7867
113,19.456,16.0689
114,18.432,16.2377
115,17.92,16.3499
116,19.968,16.576
117,20.48,16.8056
118,16.896,16.8107
119,20.48,17.0038
120,22.016,17.2544
121,20.992,17.4324
122,20.992,17.5942
123,19.456,17.6751
124,18.944,17.728
125,28.672,18.1658
126,29.184,18.5895
127,29.184,18.9819
128,25.6,19.2183
129,25.6,19.4383
130,20.992,19.4901
131,25.6,19.6872
132,27.136,19.92
133,28.672,20.1852
134,29.184,20.4499
135,27.136,20.6409
136,23.552,20.7218
137,19.456,20.6876
138,22.016,20.7225
139,21.504,20.7426
140,25.088,20.8512
141,24.576,20.942
142,25.6,21.053
143,22.528,21.0873
144,30.208,21.2945
145,24.576,21.3675
146,21.504,21.3704
147,24.064,21.4277
148,23.04,21.4613
149,21.504,21.4622
150,20.992,21.4528
151,19.456,21.4136
152,16.384,21.3169
153,18.432,21.2625
154,20.992,21.2575
155,24.576,21.3178
156,23.552,21.3577
157,29.184,21.495
158,30.72,21.6541
159,25.088,21.7123
160,24.576,21.76
161,28.672,21.8733
162,28.672,21.983
163,23.552,22.0079
164,22.016,22.008
165,19.968,21.9766
166,18.944,21.9307
167,19.968,21.9014
168,17.408,21.8353
169,19.456,21.8008
170,20.992,21.7893
171,22.016,21.7925
172,20.48,21.7742
173,23.04,21.7916
174,24.064,21.8223
175,19.968,21.7975
176,20.992,21.7869
177,23.552,21.8099
178,22.016,21.8125
179,22.528,21.8216
180,26.624,21.8816
181,28.16,21.9591
182,30.208,22.0597
183,29.184,22.1455
184,27.648,22.211
185,26.624,22.263
186,25.6,22.3018
187,29.184,22.3809
188,28.16,22.4465
189,23.552,22.459
190,22.016,22.454
191,26.112,22.4942
192,30.72,22.5837
193,31.232,22.6766
194,27.136,22.7241
195,27.648,22.7759
196,27.136,22.8213
197,24.064,22.8341
198,23.04,22.8362
199,25.6,22.8642