0,0,-0
1,0,-0
2,0,-0
3,0,-0
4,0,-0
5,0,-0
6,0,-0
7,0,-0
8,0,-0
9,0,-0
10,0,-0
11,0,-0
12,0,-0
13,0,-0
14,0,-0
15,0,-0
16,0,-0
17,0,-0
18,0,-0
19,0,-0
20,0,-0
21,0,-0
22,0,-0
23,0,-0
24,0,-0
25,0,-0
26,0,-0
27,0,-0
28,0,-0
29,0,-0
30,0,-0
31,0,-0
32,0,-0
33,0,-0
34,0,-0
35,0,-0
36,0,-0
37,0,-0
38,0,-0
39,0,-0
40,0,-0
41,0,-0
42,0,-0
43,0,-0
44,0,-0
45,0,-0
46,0,-0
47,0,-0
48,0,-0
49,0,-0
50,0,-0
51,0,-0
52,0,-0
53,0,-0
54,0,-0
55,0,-0
56,0,-0
57,0,-0
58,0,-0
59,0,-0
60,0,-0
61,0,-0
62,0,-0
63,0,-0
64,0,-0
65,0,-0
66,0,-0
67,0,-0
68,0,-0
69,0,-0
70,0,-0
71,0,-0
72,0,-0
73,0,-0
74,0,-0
75,0,-0
76,0,-0
77,0,-0
78,0,-0
79,0,-0
80,0,-0
81,0,-0
82,0,-0
83,0,-0
84,0,-0
85,0,-0
86,0,-0
87,0,-0
88,0,-0
89,0,-0
90,0,-0
91,0,-0
92,0,-0
93,0,-0
94,0,-0
95,0,-0
96,0,-0
97,0,-0
98,0,-0
99,0,-0
100,0,0
101,3.584,3.584
102,9.216,6.4
103,15.872,9.55733
104,20.992,12.416
105,15.36,13.0048
106,12.8,12.9707
107,12.8,12.9463
108,10.752,12.672
109,13.824,12.8
110,15.36,13.056
111,18.432,13.5447
112,17.408,13.8667
113,16.384,14.0603
114,17.408,14.2994
115,14.848,14.336
116,19.456,14.656
117,16.384,14.7576
118,14.336,14.7342
119,10.752,14.5246
120,12.8,14.4384
121,12.8,14.3604
122,16.384,14.4524
123,17.408,14.5809
124,12.8,14.5067
125,12.288,14.4179
126,11.264,14.2966
127,15.36,14.336
128,15.872,14.3909
129,15.872,14.4419
130,13.312,14.4043
131,17.408,14.5012
132,16.896,14.576
133,17.408,14.6618
134,16.384,14.7125
135,18.432,14.8187
136,15.872,14.848
137,16.896,14.9034
138,17.408,14.9693
139,13.824,14.9399
140,12.8,14.8864
141,11.776,14.8105
142,11.264,14.7261
143,17.92,14.8004
144,20.48,14.9295
145,15.36,14.939
146,15.872,14.9593
147,18.944,15.0441
148,18.432,15.1147
149,18.432,15.1824
150,17.408,15.2269
151,17.408,15.2696
152,19.456,15.3502
153,18.432,15.4083
154,16.384,15.4264
155,14.336,15.4065
156,12.288,15.3509
157,15.872,15.36
158,19.968,15.4394
159,14.848,15.4294
160,11.776,15.3685
161,9.728,15.2761
162,7.68,15.1535
163,10.24,15.0756
164,12.288,15.032
165,12.288,14.9898
166,10.24,14.9178
167,14.336,14.9091
168,13.824,14.8932
169,14.336,14.8851
170,13.824,14.8699
171,13.824,14.8552
172,17.408,14.8907
173,16.384,14.9111
174,13.312,14.8895
175,15.872,14.9026
176,15.872,14.9154
177,13.824,14.9012
178,10.752,14.848
179,10.24,14.7897
180,10.24,14.7328
181,11.264,14.69
182,12.288,14.6607
183,10.24,14.6074
184,13.824,14.5981
185,15.872,14.6131
186,15.36,14.6218
187,19.968,14.6832
188,18.944,14.7316
189,14.336,14.7272
190,16.384,14.7456
191,17.408,14.7749
192,16.384,14.7923
193,16.896,14.815
194,15.36,14.8208
195,14.336,14.8157
196,13.312,14.8
197,16.384,14.8163
198,13.824,14.8062
199,12.288,14.7808