0,0,-0
1,0,-0
2,0,-0
3,0,-0
4,0,-0
5,0,-0
6,0,-0
7,0,-0
8,0,-0
9,0,-0
10,0,-0
11,0,-0
12,0,-0
13,0,-0
14,0,-0
15,0,-0
16,0,-0
17,0,-0
18,0,-0
19,0,-0
20,0,-0
21,0,-0
22,0,-0
23,0,-0
24,0,-0
25,0,-0
26,0,-0
27,0,-0
28,0,-0
29,0,-0
30,0,-0
31,0,-0
32,0,-0
33,0,-0
34,0,-0
35,0,-0
36,0,-0
37,0,-0
38,0,-0
39,0,-0
40,0,-0
41,0,-0
42,0,-0
43,0,-0
44,0,-0
45,0,-0
46,0,-0
47,0,-0
48,0,-0
49,0,-0
50,0,-0
51,0,-0
52,0,-0
53,0,-0
54,0,-0
55,0,-0
56,0,-0
57,0,-0
58,0,-0
59,0,-0
60,0,-0
61,0,-0
62,0,-0
63,0,-0
64,0,-0
65,0,-0
66,0,-0
67,0,-0
68,0,-0
69,0,-0
70,0,-0
71,0,-0
72,0,-0
73,0,-0
74,0,-0
75,0,-0
76,0,-0
77,0,-0
78,0,-0
79,0,-0
80,0,-0
81,0,-0
82,0,-0
83,0,-0
84,0,-0
85,0,-0
86,0,-0
87,0,-0
88,0,-0
89,0,-0
90,0,-0
91,0,-0
92,0,-0
93,0,-0
94,0,-0
95,0,-0
96,0,-0
97,0,-0
98,0,-0
99,0,-0
100,0,0
101,9.216,9.216
102,31.744,20.48
103,30.72,23.8933
104,32.768,26.112
105,27.136,26.3168
106,29.696,26.88
107,26.624,26.8434
108,26.624,26.816
109,25.088,26.624
110,24.064,26.368
111,23.04,26.0655
112,29.184,26.3253
113,24.576,26.1908
114,27.648,26.2949
115,21.504,25.9755
116,25.088,25.92
117,26.624,25.9614
118,26.624,25.9982
119,26.112,26.0042
120,25.6,25.984
121,30.208,26.1851
122,28.16,26.2749
123,25.088,26.2233
124,25.088,26.176
125,30.72,26.3578
126,29.696,26.4862
127,28.672,26.5671
128,27.648,26.6057
129,26.624,26.6063
130,31.744,26.7776
131,29.184,26.8552
132,30.208,26.96
133,29.696,27.0429
134,33.28,27.2264
135,32.768,27.3847
136,32.768,27.5342
137,32.768,27.6757
138,32.768,27.8097
139,26.624,27.7793
140,25.6,27.7248
141,20.992,27.5606
142,24.064,27.4773
143,27.136,27.4694
144,31.232,27.5549
145,29.184,27.5911
146,31.744,27.6814
147,32.768,27.7896
148,32.768,27.8933
149,30.208,27.9406
150,28.672,27.9552
151,28.16,27.9592
152,28.672,27.9729
153,27.648,27.9668
154,27.136,27.9514
155,27.136,27.9366
156,28.16,27.9406
157,28.16,27.9444
158,28.16,27.9481
159,27.648,27.9431
160,27.136,27.9296
161,31.232,27.9837
162,33.792,28.0774
163,32.768,28.1519
164,32.768,28.224
165,33.792,28.3097
166,34.816,28.4082
167,32.256,28.4657
168,32.256,28.5214
169,30.208,28.5459
170,30.72,28.5769
171,30.72,28.6071
172,32.256,28.6578
173,27.648,28.6439
174,27.648,28.6305
175,28.16,28.6242
176,29.184,28.6316
177,30.72,28.6587
178,30.72,28.6851
179,33.792,28.7498
180,34.816,28.8256
181,30.208,28.8427
182,31.232,28.8718
183,34.304,28.9373
184,32.256,28.9768
185,30.208,28.9912
186,29.184,28.9935
187,30.208,29.0074
188,29.696,29.0153
189,29.696,29.0229
190,30.208,29.0361
191,26.624,29.0096
192,28.672,29.0059
193,30.72,29.0243
194,32.768,29.0642
195,29.696,29.0708
196,28.16,29.0613
197,30.208,29.0732
198,30.72,29.09
199,30.208,29.1013