0,0,-0
1,0,-0
2,0,-0
3,0,-0
4,0,-0
5,0,-0
6,0,-0
7,0,-0
8,0,-0
9,0,-0
10,0,-0
11,0,-0
12,0,-0
13,0,-0
14,0,-0
15,0,-0
16,0,-0
17,0,-0
18,0,-0
19,0,-0
20,0,-0
21,0,-0
22,0,-0
23,0,-0
24,0,-0
25,0,-0
26,0,-0
27,0,-0
28,0,-0
29,0,-0
30,0,-0
31,0,-0
32,0,-0
33,0,-0
34,0,-0
35,0,-0
36,0,-0
37,0,-0
38,0,-0
39,0,-0
40,0,-0
41,0,-0
42,0,-0
43,0,-0
44,0,-0
45,0,-0
46,0,-0
47,0,-0
48,0,-0
49,0,-0
50,0,-0
51,0,-0
52,0,-0
53,0,-0
54,0,-0
55,0,-0
56,0,-0
57,0,-0
58,0,-0
59,0,-0
60,0,-0
61,0,-0
62,0,-0
63,0,-0
64,0,-0
65,0,-0
66,0,-0
67,0,-0
68,0,-0
69,0,-0
70,0,-0
71,0,-0
72,0,-0
73,0,-0
74,0,-0
75,0,-0
76,0,-0
77,0,-0
78,0,-0
79,0,-0
80,0,-0
81,0,-0
82,0,-0
83,0,-0
84,0,-0
85,0,-0
86,0,-0
87,0,-0
88,0,-0
89,0,-0
90,0,-0
91,0,-0
92,0,-0
93,0,-0
94,0,-0
95,0,-0
96,0,-0
97,0,-0
98,0,-0
99,0,-0
100,0,0
101,12.288,12.288
102,46.592,29.44
103,38.912,32.5973
104,47.616,36.352
105,47.616,38.6048
106,45.568,39.7653
107,39.936,39.7897
108,44.544,40.384
109,40.448,40.3911
110,50.176,41.3696
111,43.52,41.5651
112,50.176,42.2827
113,49.664,42.8505
114,51.712,43.4834
115,50.176,43.9296
116,48.128,44.192
117,41.472,44.032
118,44.544,44.0604
119,45.056,44.1128
120,46.592,44.2368
121,46.592,44.349
122,48.128,44.5207
123,43.008,44.455
124,46.592,44.544
125,48.64,44.7078
126,48.128,44.8394
127,49.664,45.0181
128,51.712,45.2571
129,46.592,45.3032
130,50.688,45.4827
131,49.664,45.6175
132,51.2,45.792
133,48.128,45.8628
134,50.688,46.0047
135,49.664,46.1093
136,48.128,46.1653
137,47.104,46.1907
138,46.592,46.2013
139,46.592,46.2113
140,47.104,46.2336
141,50.176,46.3298
142,50.176,46.4213
143,48.64,46.4729
144,52.736,46.6153
145,50.688,46.7058
146,51.2,46.8035
147,51.2,46.897
148,51.2,46.9867
149,51.2,47.0727
150,53.248,47.1962
151,49.664,47.2445
152,49.152,47.2812
153,50.688,47.3455
154,49.152,47.379
155,45.056,47.3367
156,47.616,47.3417
157,50.176,47.3914
158,50.688,47.4483
159,50.688,47.5032
160,50.176,47.5477
161,45.568,47.5153
162,45.056,47.4756
163,46.592,47.4616
164,45.056,47.424
165,48.128,47.4348
166,50.688,47.4841
167,51.2,47.5396
168,51.2,47.5934
169,49.152,47.616
170,49.152,47.6379
171,47.104,47.6304
172,46.592,47.616
173,47.104,47.609
174,49.664,47.6368
175,49.152,47.657
176,50.176,47.6901
177,48.128,47.6958
178,48.64,47.7079
179,49.152,47.7262
180,48.64,47.7376
181,46.592,47.7235
182,47.104,47.7159
183,47.616,47.7147
184,48.64,47.7257
185,47.616,47.7244
186,48.64,47.7351
187,47.616,47.7337
188,50.176,47.7615
189,42.496,47.7023
190,47.616,47.7013
191,51.712,47.7454
192,52.224,47.7941
193,46.08,47.7757
194,48.128,47.7794
195,48.64,47.7885
196,50.688,47.8187
197,49.152,47.8324
198,51.2,47.8668
199,51.2,47.9004