0,0,-0
1,0,-0
2,0,-0
3,0,-0
4,0,-0
5,0,-0
6,0,-0
7,0,-0
8,0,-0
9,0,-0
10,0,-0
11,0,-0
12,0,-0
13,0,-0
14,0,-0
15,0,-0
16,0,-0
17,0,-0
18,0,-0
19,0,-0
20,0,-0
21,0,-0
22,0,-0
23,0,-0
24,0,-0
25,0,-0
26,0,-0
27,0,-0
28,0,-0
29,0,-0
30,0,-0
31,0,-0
32,0,-0
33,0,-0
34,0,-0
35,0,-0
36,0,-0
37,0,-0
38,0,-0
39,0,-0
40,0,-0
41,0,-0
42,0,-0
43,0,-0
44,0,-0
45,0,-0
46,0,-0
47,0,-0
48,0,-0
49,0,-0
50,0,-0
51,0,-0
52,0,-0
53,0,-0
54,0,-0
55,0,-0
56,0,-0
57,0,-0
58,0,-0
59,0,-0
60,0,-0
61,0,-0
62,0,-0
63,0,-0
64,0,-0
65,0,-0
66,0,-0
67,0,-0
68,0,-0
69,0,-0
70,0,-0
71,0,-0
72,0,-0
73,0,-0
74,0,-0
75,0,-0
76,0,-0
77,0,-0
78,0,-0
79,0,-0
80,0,-0
81,0,-0
82,0,-0
83,0,-0
84,0,-0
85,0,-0
86,0,-0
87,0,-0
88,0,-0
89,0,-0
90,0,-0
91,0,-0
92,0,-0
93,0,-0
94,0,-0
95,0,-0
96,0,-0
97,0,-0
98,0,-0
99,0,-0
100,0,0
101,11.264,11.264
102,33.792,22.528
103,25.6,23.552
104,22.528,23.296
105,24.064,23.4496
106,22.016,23.2107
107,21.504,22.9669
108,21.504,22.784
109,18.944,22.3573
110,18.432,21.9648
111,21.504,21.9229
112,22.016,21.9307
113,23.04,22.016
114,17.92,21.7234
115,14.336,21.2309
116,13.824,20.768
117,16.896,20.5402
118,18.944,20.4516
119,16.896,20.2644
120,18.432,20.1728
121,19.456,20.1387
122,19.456,20.1076
123,20.48,20.1238
124,19.456,20.096
125,16.384,19.9475
126,12.8,19.6726
127,15.36,19.5129
128,15.872,19.3829
129,13.824,19.1912
130,13.824,19.0123
131,20.992,19.0761
132,17.92,19.04
133,18.432,19.0216
134,15.872,18.9289
135,16.896,18.8709
136,16.896,18.816
137,19.456,18.8333
138,18.432,18.8227
139,19.456,18.839
140,18.944,18.8416
141,18.944,18.8441
142,18.432,18.8343
143,13.824,18.7178
144,12.8,18.5833
145,15.36,18.5116
146,14.848,18.432
147,24.576,18.5627
148,24.576,18.688
149,27.136,18.8604
150,24.576,18.9747
151,26.112,19.1147
152,23.04,19.1902
153,25.088,19.3014
154,22.016,19.3517
155,21.504,19.3908
156,16.896,19.3463
157,16.896,19.3033
158,16.384,19.253
159,12.8,19.1436
160,8.192,18.9611
161,6.144,18.751
162,5.12,18.5311
163,10.24,18.3995
164,11.776,18.296
165,11.776,18.1957
166,9.728,18.0674
167,13.824,18.0041
168,14.336,17.9501
169,11.776,17.8606
170,12.288,17.781
171,18.432,17.7902
172,20.992,17.8347
173,12.8,17.7657
174,11.264,17.6778
175,17.92,17.6811
176,19.456,17.7044
177,15.872,17.6806
178,13.824,17.6312
179,10.752,17.5441
180,10.752,17.4592
181,12.8,17.4017
182,18.944,17.4205
183,18.944,17.4388
184,17.408,17.4385
185,22.528,17.4984
186,23.04,17.5628
187,18.944,17.5787
188,17.408,17.5767
189,17.92,17.5806
190,16.896,17.573
191,21.504,17.6162
192,25.088,17.6974
193,22.016,17.7438
194,21.504,17.7838
195,25.088,17.8607
196,23.552,17.92
197,16.896,17.9094
198,12.8,17.8573
199,12.288,17.8011